#Cauchy - Cost J(iterations) convergence
#iterations, J(iterations)
1,22376443.68370222
2,22366107.91911555
3,22355838.63258347
4,22345635.1711634
5,22335496.89181571
6,22325423.16121825
7,22315413.35558432
8,22305466.8604846
9,22295583.07067234
10,22285761.38991224
11,22276001.23081263
12,22266302.01466113
13,22256663.1712634
14,22247084.13878528
15,22237564.36359799
16,22228103.30012644
17,22218700.41070054
18,22209355.16540949
19,22200067.04195899
20,22190835.52553121
21,22181660.10864767
22,22172540.29103473
23,22163475.57949182
24,22154465.48776225
25,22145509.53640664
26,22136607.25267876
27,22127758.17040398
28,22118961.82985997
29,22110217.77765986
30,22101525.56663776
31,22092884.75573638
32,22084294.90989704
33,22075755.59995179
34,22067266.40251762
35,22058826.89989287
36,22050436.67995556
37,22042095.33606379
38,22033802.46695819
39,22025557.67666607
40,22017360.57440767
41,22009210.7745042
42,22001107.89628761
43,21993051.56401225
44,21985041.40676818
45,21977077.05839621
46,21969158.15740464
47,21961284.34688759
48,21953455.27444497
49,21945670.59210396
50,21937929.95624211
51,21930233.0275119
52,21922579.47076671
53,21914968.95498841
54,21907401.15321616
55,21899875.7424768
56,21892392.4037164
57,21884950.82173332
58,21877550.68511245
59,21870191.68616079
60,21862873.52084427
61,21855595.88872584
62,21848358.49290463
63,21841161.03995648
64,21834003.23987543
65,21826884.80601656
66,21819805.45503967
67,21812764.90685435
68,21805762.88456583
69,21798799.11442204
70,21791873.32576172
71,21784985.2509634
72,21778134.62539542
73,21771321.18736697
74,21764544.67808
75,21757804.84158204
76,21751101.42472005
77,21744434.17709495
78,21737802.85101729
79,21731207.20146345
80,21724646.98603295
81,21718121.96490646
82,21711631.90080459
83,21705176.5589475
84,21698755.70701533
85,21692369.11510925
86,21686016.55571337
87,21679697.80365734
88,21673412.63607964
89,21667160.83239156
90,21660942.17424194
91,21654756.4454824
92,21648603.43213347
93,21642482.92235113
94,21636394.70639417
95,21630338.57659196
96,21624314.32731305
97,21618321.75493418
98,21612360.65780996
99,21606430.83624311
100,21600532.09245521
101,21594664.23055805
102,21588827.0565255
103,21583020.37816588
104,21577244.00509487
105,21571497.7487089
106,21565781.42215906
107,21560094.84032548
108,21554437.81979217
109,21548810.17882233
110,21543211.73733417
111,21537642.31687707
112,21532101.74060826
113,21526589.83326993
114,21521106.42116667
115,21515651.33214342
116,21510224.39556384
117,21504825.44228891
118,21499454.30465611
119,21494110.81645892
120,21488794.8129266
121,21483506.13070443
122,21478244.60783433
123,21473010.08373575
124,21467802.39918692
125,21462621.39630651
126,21457466.91853552
127,21452338.81061954
128,21447236.91859137
129,21442161.08975387
130,21437111.17266316
131,21432087.01711213
132,21427088.4741142
133,21422115.39588739
134,21417167.63583873
135,21412245.04854879
136,21407347.48975667
137,21402474.81634513
138,21397626.88632601
139,21392803.55882591
140,21388004.69407214
141,21383230.15337889
142,21378479.79913361
143,21373753.49478371
144,21369051.10482341
145,21364372.49478088
146,21359717.53120552
147,21355086.08165557
148,21350478.01468581
149,21345893.19983558
150,21341331.50761693
151,21336792.80950299
152,21332276.97791657
153,21327783.88621893
154,21323313.4086987
155,21318865.42056104
156,21314439.79791699
157,21310036.41777295
158,21305655.15802037
159,21301295.89742559
160,21296958.51561987
161,21292642.89308957
162,21288348.91116653
163,21284076.45201851
164,21279825.39863994
165,21275595.63484262
166,21271387.04524686
167,21267199.51527239
168,21263032.93112977
169,21258887.17981173
170,21254762.14908472
171,21250657.72748058
172,21246573.80428834
173,21242510.26954618
174,21238467.01403349
175,21234443.92926304
176,21230440.90747336
177,21226457.84162109
178,21222494.62537364
179,21218551.15310175
180,21214627.31987241
181,21210723.02144165
182,21206838.15424761
183,21202972.61540363
184,21199126.30269154
185,21195299.11455489
186,21191490.95009247
187,21187701.70905181
188,21183931.2918228
189,21180179.59943145
190,21176446.53353366
191,21172731.99640924
192,21169035.89095576
193,21165358.12068282
194,21161698.58970608
195,21158057.20274164
196,21154433.86510034
197,21150828.48268222
198,21147240.96197105
199,21143671.21002889
200,21140119.13449081
201,21136584.64355963
202,21133067.64600072
203,21129568.05113697
204,21126085.76884374
205,21122620.70954387
206,21119172.78420286
207,21115741.90432402
208,21112327.98194376
209,21108930.92962688
210,21105550.66046197
211,21102187.08805687
212,21098840.12653419
213,21095509.69052686
214,21092195.69517381
215,21088898.05611562
216,21085616.68949033
217,21082351.51192917
218,21079102.44055256
219,21075869.39296589
220,21072652.28725562
221,21069451.04198522
222,21066265.57619134
223,21063095.80937986
224,21059941.66152215
225,21056803.05305129
226,21053679.90485832
227,21050572.13828862
228,21047479.67513827
229,21044402.43765046
230,21041340.34851201
231,21038293.33084986
232,21035261.30822761
233,21032244.20464218
234,21029241.94452042
235,21026254.45271578
236,21023281.6545051
237,21020323.47558534
238,21017379.84207037
239,21014450.68048788
240,21011535.91777623
241,21008635.48128134
242,21005749.29875375
243,21002877.29834551
244,21000019.40860729
245,20997175.55848538
246,20994345.67731889
247,20991529.69483679
248,20988727.54115514
249,20985939.14677427
250,20983164.44257601
251,20980403.35982097
252,20977655.83014585
253,20974921.78556073
254,20972201.15844648
255,20969493.88155212
256,20966799.8879922
257,20964119.11124434
258,20961451.48514661
259,20958796.94389509
260,20956155.4220414
261,20953526.85449021
262,20950911.17649688
263,20948308.32366502
264,20945718.23194415
265,20943140.83762738
266,20940576.07734905
267,20938023.88808246
268,20935484.20713763
269,20932956.97215899
270,20930442.12112322
271,20927939.59233705
272,20925449.32443504
273,20922971.25637748
274,20920505.32744821
275,20918051.47725255
276,20915609.64571519
277,20913179.77307814
278,20910761.79989868
279,20908355.66704731
280,20905961.31570575
281,20903578.68736498
282,20901207.72382326
283,20898848.36718418
284,20896500.5598547
285,20894164.24454327
286,20891839.36425797
287,20889525.86230453
288,20887223.6822846
289,20884932.76809381
290,20882653.06391998
291,20880384.51424135
292,20878127.0638247
293,20875880.65772371
294,20873645.24127705
295,20871420.76010676
296,20869207.16011647
297,20867004.38748967
298,20864812.38868807
299,20862631.11044988
300,20860460.49978818
301,20858300.5039892
302,20856151.07061078
303,20854012.14748066
304,20851883.6826949
305,20849765.62461635
306,20847657.92187296
307,20845560.52335628
308,20843473.37821993
309,20841396.43587795
310,20839329.6460034
311,20837272.95852678
312,20835226.32363451
313,20833189.69176748
314,20831163.01361957
315,20829146.24013615
316,20827139.32251266
317,20825142.21219314
318,20823154.86086883
319,20821177.22047672
320,20819209.24319816
321,20817250.88145747
322,20815302.08792052
323,20813362.81549338
324,20811433.01732099
325,20809512.64678574
326,20807601.65750614
327,20805700.00333553
328,20803807.63836073
329,20801924.51690071
330,20800050.59350533
331,20798185.82295403
332,20796330.16025447
333,20794483.56064142
334,20792645.97957534
335,20790817.37274121
336,20788997.69604727
337,20787186.90562375
338,20785384.95782169
339,20783591.8092117
340,20781807.41658275
341,20780031.73694096
342,20778264.72750843
343,20776506.34572205
344,20774756.5492323
345,20773015.29590214
346,20771282.54380578
347,20769558.25122758
348,20767842.37666089
349,20766134.87880693
350,20764435.71657363
351,20762744.84907456
352,20761062.23562778
353,20759387.83575474
354,20757721.60917922
355,20756063.51582621
356,20754413.5158208
357,20752771.56948719
358,20751137.63734755
359,20749511.68012099
360,20747893.65872252
361,20746283.53426197
362,20744681.26804298
363,20743086.82156198
364,20741500.15650709
365,20739921.23475723
366,20738350.01838098
367,20736786.46963567
368,20735230.55096633
369,20733682.22500472
370,20732141.45456833
371,20730608.20265942
372,20729082.43246404
373,20727564.10735104
374,20726053.19087116
375,20724549.64675602
376,20723053.43891723
377,20721564.5314454
378,20720082.88860922
379,20718608.47485453
380,20717141.25480342
381,20715681.19325325
382,20714228.2551758
383,20712782.40571633
384,20711343.61019271
385,20709911.83409445
386,20708487.04308192
387,20707069.20298535
388,20705658.27980404
389,20704254.23970542
390,20702857.04902427
391,20701466.67426171
392,20700083.08208448
393,20698706.23932405
394,20697336.11297571
395,20695972.67019781
396,20694615.87831086
397,20693265.70479672
398,20691922.11729779
399,20690585.08361617
400,20689254.57171281
401,20687930.54970675
402,20686612.9858743
403,20685301.84864817
404,20683997.10661677
405,20682698.72852336
406,20681406.68326526
407,20680120.93989306
408,20678841.46760986
409,20677568.2357705
410,20676301.21388073
411,20675040.37159653
412,20673785.67872326
413,20672537.10521495
414,20671294.62117356
415,20670058.19684817
416,20668827.80263429
417,20667603.40907308
418,20666384.98685067
419,20665172.50679731
420,20663965.93988678
421,20662765.25723558
422,20661570.43010223
423,20660381.42988653
424,20659198.2281289
425,20658020.79650962
426,20656849.10684816
427,20655683.13110243
428,20654522.84136814
429,20653368.20987808
430,20652219.20900141
431,20651075.81124302
432,20649937.98924281
433,20648805.71577502
434,20647678.96374756
435,20646557.70620135
436,20645441.91630962
437,20644331.56737727
438,20643226.63284023
439,20642127.08626477
440,20641032.90134681
441,20639944.0519114
442,20638860.51191191
443,20637782.25542953
444,20636709.25667254
445,20635641.4899757
446,20634578.92979963
447,20633521.55073018
448,20632469.3274778
449,20631422.23487689
450,20630380.24788524
451,20629343.34158336
452,20628311.49117389
453,20627284.67198101
454,20626262.85944979
455,20625246.02914563
456,20624234.15675364
457,20623227.21807805
458,20622225.1890416
459,20621228.04568499
460,20620235.76416625
461,20619248.32076018
462,20618265.69185776
463,20617287.85396561
464,20616314.78370534
465,20615346.45781302
466,20614382.85313867
467,20613423.94664558
468,20612469.71540984
469,20611520.13661974
470,20610575.18757518
471,20609634.84568724
472,20608699.08847748
473,20607767.89357747
474,20606841.23872825
475,20605919.10177976
476,20605001.46069031
477,20604088.29352606
478,20603179.57846047
479,20602275.29377374
480,20601375.41785235
481,20600479.9291885
482,20599588.80637955
483,20598702.02812755
484,20597819.57323872
485,20596941.42062291
486,20596067.54929311
487,20595197.93836492
488,20594332.56705607
489,20593471.41468589
490,20592614.46067481
491,20591761.68454387
492,20590913.06591426
493,20590068.58450674
494,20589228.22014123
495,20588391.95273627
496,20587559.76230857
497,20586731.6289725
498,20585907.53293961
499,20585087.45451818
500,20584271.3741127
501,20583459.27222342
502,20582651.12944589
503,20581846.92647046
504,20581046.64408187
505,20580250.26315868
506,20579457.76467293
507,20578669.12968959
508,20577884.33936616
509,20577103.37495216
510,20576326.21778875
511,20575552.8493082
512,20574783.2510335
513,20574017.40457788
514,20573255.29164439
515,20572496.89402545
516,20571742.1936024
517,20570991.17234507
518,20570243.81231136
519,20569500.09564677
520,20568760.00458402
521,20568023.52144259
522,20567290.62862828
523,20566561.30863282
524,20565835.54403344
525,20565113.31749241
526,20564394.61175671
527,20563679.40965751
528,20562967.69410983
529,20562259.4481121
530,20561554.65474576
531,20560853.29717484
532,20560155.35864558
533,20559460.82248598
534,20558769.67210545
535,20558081.8909944
536,20557397.4627238
537,20556716.37094485
538,20556038.59938853
539,20555364.13186524
540,20554692.95226442
541,20554025.04455411
542,20553360.39278063
543,20552698.98106816
544,20552040.79361835
545,20551385.81470999
546,20550734.02869856
547,20550085.42001591
548,20549439.97316986
549,20548797.67274385
550,20548158.50339653
551,20547522.44986146
552,20546889.49694664
553,20546259.62953425
554,20545632.83258023
555,20545009.09111393
556,20544388.39023775
557,20543770.71512678
558,20543156.05102844
559,20542544.38326216
560,20541935.697219
561,20541329.97836126
562,20540727.21222221
563,20540127.38440569
564,20539530.48058578
565,20538936.48650646
566,20538345.38798127
567,20537757.17089294
568,20537171.8211931
569,20536589.32490189
570,20536009.66810768
571,20535432.83696671
572,20534858.81770272
573,20534287.59660668
574,20533719.16003645
575,20533153.49441642
576,20532590.58623722
577,20532030.42205537
578,20531472.98849297
579,20530918.27223737
580,20530366.26004089
581,20529816.93872044
582,20529270.29515726
583,20528726.31629655
584,20528184.98914721
585,20527646.30078152
586,20527110.23833478
587,20526576.78900507
588,20526045.94005292
589,20525517.67880096
590,20524991.99263368
591,20524468.8689971
592,20523948.29539846
593,20523430.25940594
594,20522914.74864836
595,20522401.75081487
596,20521891.25365464
597,20521383.24497663
598,20520877.71264924
599,20520374.64460004
600,20519874.02881546
601,20519375.85334054
602,20518880.10627863
603,20518386.77579106
604,20517895.85009695
605,20517407.31747284
606,20516921.16625245
607,20516437.38482638
608,20515955.96164188
609,20515476.88520251
610,20515000.14406791
611,20514525.7268535
612,20514053.62223023
613,20513583.81892427
614,20513116.30571682
615,20512651.07144373
616,20512188.10499532
617,20511727.39531608
618,20511268.93140443
619,20510812.70231242
620,20510358.69714548
621,20509906.90506217
622,20509457.31527393
623,20509009.9170448
624,20508564.69969116
625,20508121.65258151
626,20507680.76513615
627,20507242.02682702
628,20506805.42717735
629,20506370.95576149
630,20505938.60220462
631,20505508.35618247
632,20505080.20742118
633,20504654.14569692
634,20504230.16083575
635,20503808.24271333
636,20503388.38125468
637,20502970.56643394
638,20502554.78827415
639,20502141.03684698
640,20501729.30227254
641,20501319.57471906
642,20500911.84440275
643,20500506.10158752
644,20500102.33658473
645,20499700.539753
646,20499300.70149794
647,20498902.81227196
648,20498506.86257402
649,20498112.84294938
650,20497720.74398941
651,20497330.55633137
652,20496942.27065814
653,20496555.87769805
654,20496171.36822462
655,20495788.73305637
656,20495407.96305657
657,20495029.04913304
658,20494651.98223794
659,20494276.75336752
660,20493903.35356193
661,20493531.77390505
662,20493162.00552417
663,20492794.03958987
664,20492427.86731576
665,20492063.47995829
666,20491700.86881658
667,20491340.0252321
668,20490980.94058858
669,20490623.60631176
670,20490268.01386914
671,20489914.15476986
672,20489562.02056446
673,20489211.60284463
674,20488862.89324308
675,20488515.88343333
676,20488170.56512946
677,20487826.93008596
678,20487484.97009753
679,20487144.67699886
680,20486806.04266445
681,20486469.05900841
682,20486133.71798426
683,20485800.01158479
684,20485467.93184178
685,20485137.47082587
686,20484808.62064638
687,20484481.37345107
688,20484155.72142597
689,20483831.65679526
690,20483509.17182095
691,20483188.25880286
692,20482868.91007827
693,20482551.11802186
694,20482234.87504549
695,20481920.17359797
696,20481607.00616496
697,20481295.36526875
698,20480985.24346806
699,20480676.63335792
700,20480369.52756943
701,20480063.91876963
702,20479759.7996613
703,20479457.16298279
704,20479156.00150787
705,20478856.30804552
706,20478558.07543978
707,20478261.29656957
708,20477965.96434855
709,20477672.07172488
710,20477379.61168115
711,20477088.5772341
712,20476798.96143457
713,20476510.75736725
714,20476223.95815054
715,20475938.55693639
716,20475654.54691013
717,20475371.92129033
718,20475090.67332858
719,20474810.7963094
720,20474532.28355006
721,20474255.12840035
722,20473979.32424254
723,20473704.86449112
724,20473431.7425927
725,20473159.95202585
726,20472889.4863009
727,20472620.33895984
728,20472352.50357612
729,20472085.97375455
730,20471820.74313109
731,20471556.80537271
732,20471294.1541773
733,20471032.78327343
734,20470772.68642027
735,20470513.85740738
736,20470256.29005463
737,20469999.97821198
738,20469744.9157594
739,20469491.09660668
740,20469238.51469333
741,20468987.16398833
742,20468737.03849013
743,20468488.13222641
744,20468240.43925396
745,20467993.95365854
746,20467748.66955477
747,20467504.58108591
748,20467261.68242381
749,20467019.9677687
750,20466779.43134912
751,20466540.06742172
752,20466301.87027114
753,20466064.8342099
754,20465828.95357823
755,20465594.22274395
756,20465360.63610236
757,20465128.18807604
758,20464896.8731148
759,20464666.68569547
760,20464437.62032183
761,20464209.67152443
762,20463982.8338605
763,20463757.10191379
764,20463532.47029446
765,20463308.93363896
766,20463086.48660984
767,20462865.1238957
768,20462644.84021103
769,20462425.63029608
770,20462207.48891675
771,20461990.41086444
772,20461774.39095593
773,20461559.42403331
774,20461345.50496376
775,20461132.62863952
776,20460920.7899777
777,20460709.98392021
778,20460500.2054336
779,20460291.44950898
780,20460083.71116183
781,20459876.985432
782,20459671.26738343
783,20459466.5521042
784,20459262.8347063
785,20459060.11032553
786,20458858.37412142
787,20458657.62127712
788,20458457.84699922
789,20458259.04651769
790,20458061.21508575
791,20457864.34797977
792,20457668.44049914
793,20457473.48796615
794,20457279.48572592
795,20457086.42914623
796,20456894.31361745
797,20456703.13455244
798,20456512.8873864
799,20456323.56757678
800,20456135.17060319
801,20455947.69196725
802,20455761.12719253
803,20455575.47182442
804,20455390.72143
805,20455206.871598
806,20455023.9179386
807,20454841.85608343
808,20454660.68168538
809,20454480.39041855
810,20454300.97797811
811,20454122.44008023
812,20453944.77246194
813,20453767.97088109
814,20453592.03111616
815,20453416.94896624
816,20453242.72025089
817,20453069.34081005
818,20452896.80650392
819,20452725.11321292
820,20452554.2568375
821,20452384.23329813
822,20452215.03853517
823,20452046.66850872
824,20451879.11919865
825,20451712.38660435
826,20451546.46674476
827,20451381.35565821
828,20451217.04940233
829,20451053.54405399
830,20450890.83570917
831,20450728.92048289
832,20450567.79450908
833,20450407.45394055
834,20450247.89494885
835,20450089.11372419
836,20449931.10647534
837,20449773.86942958
838,20449617.39883256
839,20449461.69094823
840,20449306.74205874
841,20449152.54846439
842,20448999.10648352
843,20448846.41245236
844,20448694.46272507
845,20448543.25367353
846,20448392.78168733
847,20448243.04317366
848,20448094.03455722
849,20447945.75228011
850,20447798.19280182
851,20447651.35259907
852,20447505.22816576
853,20447359.81601289
854,20447215.11266844
855,20447071.11467735
856,20446927.81860138
857,20446785.22101904
858,20446643.31852555
859,20446502.1077327
860,20446361.58526881
861,20446221.74777862
862,20446082.59192325
863,20445944.11438008
864,20445806.31184267
865,20445669.18102073
866,20445532.71863999
867,20445396.92144214
868,20445261.78618475
869,20445127.30964122
870,20444993.48860064
871,20444860.31986779
872,20444727.80026298
873,20444595.92662207
874,20444464.69579631
875,20444334.10465231
876,20444204.15007195
877,20444074.82895231
878,20443946.13820559
879,20443818.07475907
880,20443690.63555495
881,20443563.8175504
882,20443437.61771739
883,20443312.03304264
884,20443187.06052758
885,20443062.69718825
886,20442938.94005523
887,20442815.78617358
888,20442693.23260276
889,20442571.27641656
890,20442449.91470305
891,20442329.14456448
892,20442208.96311722
893,20442089.36749172
894,20441970.35483239
895,20441851.92229757
896,20441734.06705947
897,20441616.78630406
898,20441500.07723102
899,20441383.93705371
900,20441268.36299906
901,20441153.35230751
902,20441038.90223296
903,20440925.01004269
904,20440811.6730173
905,20440698.88845067
906,20440586.65364982
907,20440474.96593495
908,20440363.82263929
909,20440253.22110907
910,20440143.15870349
911,20440033.63279458
912,20439924.6407672
913,20439816.18001895
914,20439708.24796014
915,20439600.84201365
916,20439493.95961499
917,20439387.59821212
918,20439281.75526546
919,20439176.4282478
920,20439071.61464426
921,20438967.31195221
922,20438863.51768123
923,20438760.22935303
924,20438657.44450139
925,20438555.16067213
926,20438453.37542303
927,20438352.08632377
928,20438251.29095588
929,20438150.98691267
930,20438051.1717992
931,20437951.84323217
932,20437852.99883995
933,20437754.63626242
934,20437656.75315098
935,20437559.34716849
936,20437462.41598921
937,20437365.9572987
938,20437269.96879382
939,20437174.44818268
940,20437079.39318454
941,20436984.80152976
942,20436890.6709598
943,20436796.99922711
944,20436703.78409509
945,20436611.02333805
946,20436518.71474115
947,20436426.85610035
948,20436335.44522236
949,20436244.47992454
950,20436153.95803494
951,20436063.87739217
952,20435974.23584539
953,20435885.03125422
954,20435796.26148874
955,20435707.92442941
956,20435620.01796699
957,20435532.54000257
958,20435445.48844742
959,20435358.86122304
960,20435272.65626103
961,20435186.87150308
962,20435101.50490093
963,20435016.55441626
964,20434932.01802074
965,20434847.89369588
966,20434764.17943306
967,20434680.87323346
968,20434597.97310795
969,20434515.47707716
970,20434433.38317133
971,20434351.6894303
972,20434270.39390349
973,20434189.49464981
974,20434108.98973763
975,20434028.87724475
976,20433949.15525832
977,20433869.82187484
978,20433790.87520006
979,20433712.31334898
980,20433634.13444579
981,20433556.33662381
982,20433478.91802548
983,20433401.87680228
984,20433325.2111147
985,20433248.9191322
986,20433172.99903316
987,20433097.44900485
988,20433022.26724336
989,20432947.4519536
990,20432873.00134919
991,20432798.91365249
992,20432725.18709451
993,20432651.81991489
994,20432578.81036186
995,20432506.15669216
996,20432433.85717104
997,20432361.91007224
998,20432290.31367786
999,20432219.0662784
1000,20432148.1661727
1001,20432077.61166789
1002,20432007.40107933
1003,20431937.53273063
1004,20431868.00495353
1005,20431798.81608794
1006,20431729.96448182
1007,20431661.44849122
1008,20431593.26648019
1009,20431525.41682076
1010,20431457.89789288
1011,20431390.7080844
1012,20431323.84579106
1013,20431257.30941637
1014,20431191.09737166
1015,20431125.20807599
1016,20431059.63995612
1017,20430994.39144649
1018,20430929.46098918
1019,20430864.84703383
1020,20430800.54803767
1021,20430736.56246544
1022,20430672.88878936
1023,20430609.52548909
1024,20430546.47105173
1025,20430483.72397171
1026,20430421.28275085
1027,20430359.14589823
1028,20430297.31193023
1029,20430235.77937042
1030,20430174.54674961
1031,20430113.61260575
1032,20430052.97548393
1033,20429992.63393631
1034,20429932.58652213
1035,20429872.83180764
1036,20429813.36836608
1037,20429754.19477765
1038,20429695.30962946
1039,20429636.71151553
1040,20429578.3990367
1041,20429520.37080067
1042,20429462.62542188
1043,20429405.16152158
1044,20429347.97772767
1045,20429291.07267481
1046,20429234.44500427
1047,20429178.09336397
1048,20429122.01640838
1049,20429066.21279858
1050,20429010.68120215
1051,20428955.42029316
1052,20428900.42875214
1053,20428845.70526609
1054,20428791.24852836
1055,20428737.05723869
1056,20428683.13010318
1057,20428629.4658342
1058,20428576.06315042
1059,20428522.92077674
1060,20428470.0374443
1061,20428417.4118904
1062,20428365.04285851
1063,20428312.9290982
1064,20428261.06936518
1065,20428209.46242119
1066,20428158.10703402
1067,20428107.00197745
1068,20428056.14603126
1069,20428005.53798117
1070,20427955.17661881
1071,20427905.0607417
1072,20427855.18915324
1073,20427805.56066265
1074,20427756.17408494
1075,20427707.02824093
1076,20427658.12195716
1077,20427609.4540659
1078,20427561.02340512
1079,20427512.82881844
1080,20427464.86915511
1081,20427417.14327002
1082,20427369.65002362
1083,20427322.3882819
1084,20427275.35691642
1085,20427228.5548042
1086,20427181.98082776
1087,20427135.63387506
1088,20427089.51283947
1089,20427043.61661976
1090,20426997.94412008
1091,20426952.49424991
1092,20426907.26592404
1093,20426862.25806256
1094,20426817.46959083
1095,20426772.89943944
1096,20426728.54654418
1097,20426684.40984604
1098,20426640.48829119
1099,20426596.7808309
1100,20426553.28642159
1101,20426510.00402473
1102,20426466.93260688
1103,20426424.07113962
1104,20426381.41859956
1105,20426338.97396829
1106,20426296.73623235
1107,20426254.70438326
1108,20426212.8774174
1109,20426171.25433608
1110,20426129.83414549
1111,20426088.61585661
1112,20426047.59848531
1113,20426006.78105219
1114,20425966.16258268
1115,20425925.74210692
1116,20425885.5186598
1117,20425845.49128092
1118,20425805.65901454
1119,20425766.02090957
1120,20425726.57601962
1121,20425687.32340283
1122,20425648.26212198
1123,20425609.39124441
1124,20425570.709842
1125,20425532.21699117
1126,20425493.91177281
1127,20425455.79327231
1128,20425417.86057954
1129,20425380.11278878
1130,20425342.54899871
1131,20425305.16831244
1132,20425267.96983743
1133,20425230.9526855
1134,20425194.11597278
1135,20425157.45881973
1136,20425120.98035111
1137,20425084.6796959
1138,20425048.55598738
1139,20425012.60836301
1140,20424976.83596446
1141,20424941.23793761
1142,20424905.8134325
1143,20424870.56160329
1144,20424835.48160828
1145,20424800.57260986
1146,20424765.83377451
1147,20424731.26427279
1148,20424696.86327928
1149,20424662.62997258
1150,20424628.56353532
1151,20424594.66315409
1152,20424560.92801946
1153,20424527.35732593
1154,20424493.95027194
1155,20424460.70605984
1156,20424427.62389585
1157,20424394.70299009
1158,20424361.94255648
1159,20424329.34181283
1160,20424296.89998072
1161,20424264.61628554
1162,20424232.48995646
1163,20424200.5202264
1164,20424168.70633203
1165,20424137.04751372
1166,20424105.54301557
1167,20424074.19208533
1168,20424042.99397445
1169,20424011.94793802
1170,20423981.05323474
1171,20423950.30912697
1172,20423919.7148806
1173,20423889.26976516
1174,20423858.9730537
1175,20423828.82402284
1176,20423798.8219527
1177,20423768.96612693
1178,20423739.25583268
1179,20423709.69036053
1180,20423680.26900458
1181,20423650.99106233
1182,20423621.8558347
1183,20423592.86262603
1184,20423564.01074407
1185,20423535.29949992
1186,20423506.72820804
1187,20423478.29618623
1188,20423450.00275563
1189,20423421.84724069
1190,20423393.82896912
1191,20423365.94727196
1192,20423338.20148345
1193,20423310.59094113
1194,20423283.11498573
1195,20423255.77296121
1196,20423228.56421475
1197,20423201.48809666
1198,20423174.54396047
1199,20423147.73116281
1200,20423121.0490635
1201,20423094.49702545
1202,20423068.07441466
1203,20423041.78060026
1204,20423015.61495442
1205,20422989.57685241
1206,20422963.66567249
1207,20422937.880796
1208,20422912.22160727
1209,20422886.68749364
1210,20422861.27784544
1211,20422835.99205596
1212,20422810.82952145
1213,20422785.78964112
1214,20422760.87181708
1215,20422736.07545438
1216,20422711.39996095
1217,20422686.84474762
1218,20422662.4092281
1219,20422638.09281892
1220,20422613.8949395
1221,20422589.81501206
1222,20422565.85246166
1223,20422542.00671613
1224,20422518.27720612
1225,20422494.66336503
1226,20422471.16462905
1227,20422447.78043708
1228,20422424.51023081
1229,20422401.35345459
1230,20422378.30955553
1231,20422355.3779834
1232,20422332.55819068
1233,20422309.84963247
1234,20422287.2517666
1235,20422264.76405348
1236,20422242.38595619
1237,20422220.11694038
1238,20422197.95647436
1239,20422175.904029
1240,20422153.95907776
1241,20422132.12109666
1242,20422110.38956427
1243,20422088.76396171
1244,20422067.24377264
1245,20422045.82848322
1246,20422024.51758211
1247,20422003.31056046
1248,20421982.20691195
1249,20421961.20613267
1250,20421940.30772117
1251,20421919.51117848
1252,20421898.81600805
1253,20421878.22171573
1254,20421857.72780978
1255,20421837.33380089
1256,20421817.03920211
1257,20421796.84352887
1258,20421776.74629895
1259,20421756.74703249
1260,20421736.84525198
1261,20421717.04048222
1262,20421697.33225033
1263,20421677.72008575
1264,20421658.2035202
1265,20421638.78208768
1266,20421619.45532446
1267,20421600.22276909
1268,20421581.08396235
1269,20421562.03844727
1270,20421543.08576908
1271,20421524.22547528
1272,20421505.45711552
1273,20421486.78024169
1274,20421468.19440783
1275,20421449.69917018
1276,20421431.2940871
1277,20421412.97871918
1278,20421394.75262906
1279,20421376.61538159
1280,20421358.56654371
1281,20421340.60568444
1282,20421322.73237495
1283,20421304.94618849
1284,20421287.24670035
1285,20421269.63348796
1286,20421252.10613074
1287,20421234.66421021
1288,20421217.3073099
1289,20421200.03501539
1290,20421182.84691425
1291,20421165.74259611
1292,20421148.72165256
1293,20421131.78367719
1294,20421114.92826556
1295,20421098.15501524
1296,20421081.46352573
1297,20421064.85339849
1298,20421048.32423691
1299,20421031.87564633
1300,20421015.50723402
1301,20420999.21860914
1302,20420983.00938275
1303,20420966.87916787
1304,20420950.82757933
1305,20420934.85423387
1306,20420918.95875011
1307,20420903.14074849
1308,20420887.39985134
1309,20420871.73568283
1310,20420856.14786892
1311,20420840.63603745
1312,20420825.19981802
1313,20420809.83884207
1314,20420794.55274283
1315,20420779.34115532
1316,20420764.20371632
1317,20420749.14006441
1318,20420734.1498399
1319,20420719.23268489
1320,20420704.38824319
1321,20420689.61616037
1322,20420674.91608371
1323,20420660.28766223
1324,20420645.73054663
1325,20420631.24438934
1326,20420616.82884449
1327,20420602.48356785
1328,20420588.20821692
1329,20420574.00245085
1330,20420559.86593045
1331,20420545.79831818
1332,20420531.79927814
1333,20420517.86847609
1334,20420504.0055794
1335,20420490.21025707
1336,20420476.48217971
1337,20420462.82101952
1338,20420449.22645035
1339,20420435.69814757
1340,20420422.23578817
1341,20420408.83905072
1342,20420395.50761535
1343,20420382.24116375
1344,20420369.03937913
1345,20420355.90194631
1346,20420342.82855159
1347,20420329.81888282
1348,20420316.87262936
1349,20420303.9894821
1350,20420291.16913345
1351,20420278.41127726
1352,20420265.71560895
1353,20420253.08182536
1354,20420240.50962485
1355,20420227.99870724
1356,20420215.54877379
1357,20420203.15952724
1358,20420190.83067176
1359,20420178.56191302
1360,20420166.35295803
1361,20420154.20351531
1362,20420142.11329475
1363,20420130.08200768
1364,20420118.10936683
1365,20420106.19508634
1366,20420094.33888172
1367,20420082.54046988
1368,20420070.79956912
1369,20420059.11589909
1370,20420047.48918084
1371,20420035.91913675
1372,20420024.40549056
1373,20420012.94796736
1374,20420001.54629359
1375,20419990.200197
1376,20419978.90940668
1377,20419967.67365305
1378,20419956.49266783
1379,20419945.36618406
1380,20419934.29393606
1381,20419923.27565948
1382,20419912.31109122
1383,20419901.39996948
1384,20419890.54203375
1385,20419879.73702477
1386,20419868.98468453
1387,20419858.28475632
1388,20419847.63698467
1389,20419837.0411153
1390,20419826.49689526
1391,20419816.00407277
1392,20419805.56239729
1393,20419795.17161949
1394,20419784.83149131
1395,20419774.54176582
1396,20419764.30219736
1397,20419754.11254143
1398,20419743.97255473
1399,20419733.88199515
1400,20419723.84062176
1401,20419713.84819482
1402,20419703.90447571
1403,20419694.00922702
1404,20419684.16221249
1405,20419674.36319699
1406,20419664.61194656
1407,20419654.90822836
1408,20419645.25181071
1409,20419635.64246304
1410,20419626.07995589
1411,20419616.56406096
1412,20419607.09455103
1413,20419597.6712
1414,20419588.29378287
1415,20419578.96207574
1416,20419569.67585578
1417,20419560.43490129
1418,20419551.2389916
1419,20419542.08790715
1420,20419532.98142945
1421,20419523.91934106
1422,20419514.90142559
1423,20419505.92746774
1424,20419496.99725324
1425,20419488.11056884
1426,20419479.26720238
1427,20419470.4669427
1428,20419461.70957967
1429,20419452.99490421
1430,20419444.3227082
1431,20419435.69278462
1432,20419427.10492739
1433,20419418.55893146
1434,20419410.0545928
1435,20419401.59170832
1436,20419393.17007597
1437,20419384.78949466
1438,20419376.4497643
1439,20419368.15068575
1440,20419359.89206087
1441,20419351.67369245
1442,20419343.49538426
1443,20419335.35694106
1444,20419327.25816849
1445,20419319.19887319
1446,20419311.17886275
1447,20419303.19794564
1448,20419295.25593133
1449,20419287.35263018
1450,20419279.48785347
1451,20419271.66141343
1452,20419263.87312319
1453,20419256.12279678
1454,20419248.41024915
1455,20419240.73529615
1456,20419233.09775453
1457,20419225.49744191
1458,20419217.93417684
1459,20419210.40777873
1460,20419202.91806785
1461,20419195.4648654
1462,20419188.04799341
1463,20419180.66727477
1464,20419173.32253328
1465,20419166.01359355
1466,20419158.74028107
1467,20419151.50242218
1468,20419144.29984405
1469,20419137.13237473
1470,20419129.99984306
1471,20419122.90207874
1472,20419115.83891232
1473,20419108.81017511
1474,20419101.81569933
1475,20419094.85531795
1476,20419087.92886478
1477,20419081.03617443
1478,20419074.17708235
1479,20419067.35142475
1480,20419060.55903864
1481,20419053.79976187
1482,20419047.07343302
1483,20419040.3798915
1484,20419033.71897749
1485,20419027.09053195
1486,20419020.4943966
1487,20419013.93041396
1488,20419007.39842729
1489,20419000.89828064
1490,20418994.42981879
1491,20418987.9928873
1492,20418981.58733249
1493,20418975.2130014
1494,20418968.86974183
1495,20418962.55740234
1496,20418956.27583218
1497,20418950.0248814
1498,20418943.80440072
1499,20418937.61424162
1500,20418931.4542563
