#Weibull aproximation vs Original set
#W(x), W(CDF) 
0,0
0.07212258636363636,0.8067529344707847
0.1442451727272727,0.8714915022578071
0.2163677590909091,0.9032731577706637
0.2884903454545454,0.9227718085175227
0.3606129318181818,0.9361008734327421
0.4327355181818182,0.9458288694780063
0.5048581045454545,0.9532508656612139
0.5769806909090909,0.9590993002248324
0.6491032772727272,0.9638228219361114
0.7212258636363635,0.9677129531185266
0.79334845,0.9709679503829826
0.8654710363636363,0.9737276313877435
0.9375936227272726,0.9760935722139303
1.009716209090909,0.9781414160617029
1.081838795454545,0.9799286876582165
1.153961381818182,0.9814999278640382
1.226083968181818,0.9828901678184565
1.298206554545454,0.9841273398504822
1.370329140909091,0.9852339879191019
1.442451727272727,0.9862285049398526
1.514574313636364,0.9871260434581659
1.5866969,0.9879391963374237
1.658819486363636,0.9886785126616794
1.730942072727273,0.9893528936912203
1.803064659090909,0.9899699002515745
1.875187245454545,0.9905359938701661
1.947309831818182,0.9910567277595331
2.019432418181818,0.9915368994170718
2.091555004545454,0.9919806735519434
2.163677590909091,0.9923916818585675
2.235800177272727,0.9927731045671778
2.307922763636364,0.9931277375364266
2.38004535,0.9934580477889995
2.452167936363636,0.9937662197442932
2.524290522727273,0.9940541939133543
2.596413109090909,0.9943236994486498
2.668535695454545,0.9945762816548928
2.740658281818181,0.9948133253454061
2.812780868181818,0.9950360747555763
2.884903454545454,0.9952456505891422
2.957026040909091,0.9954430646657468
3.029148627272727,0.9956292325528477
3.101271213636363,0.9958049844968409
3.1733938,0.9959710749133858
3.245516386363636,0.9961281906525715
3.317638972727273,0.9962769582185387
3.389761559090909,0.9964179500937788
3.461884145454545,0.99655169029423
3.534006731818182,0.9966786592614484
3.606129318181818,0.9967992981817327
3.678251904545454,0.9969140128084671
3.750374490909091,0.9970231768526051
3.822497077272727,0.9971271349967386
3.894619663636363,0.9972262055802398
3.96674225,0.9973206829962673
4.038864836363636,0.9974108398357731
4.110987422727272,0.9974969288088587
4.183110009090909,0.9975791844697557
4.255232595454546,0.9976578247682425
4.327355181818182,0.9977330524473417
4.399477768181818,0.99780505630461
4.471600354545454,0.9978740123321483
4.543722940909091,0.9979400847485852
4.615845527272727,0.998003426934667
4.687968113636363,0.9980641822826862
4.7600907,0.9981224849687647
4.832213286363636,0.9981784606559544
4.904335872727272,0.9982322271351964
4.976458459090908,0.9982838949103804
5.048581045454545,0.9983335677330422
5.120703631818182,0.9983813430916257
5.192826218181818,0.9984273126596969
5.264948804545455,0.9984715627070188
5.337071390909091,0.9985141744769875
5.409193977272727,0.9985552245335537
5.481316563636363,0.998594785080432
5.55343915,0.9986329242551136
5.625561736363636,0.9986697063999409
5.697684322727272,0.9987051923122754
5.769806909090908,0.9987394394755915
5.841929495454545,0.9987725022731468
5.914052081818181,0.9988044321857212
5.986174668181818,0.9988352779747722
6.058297254545455,0.9988650858522297
6.130419840909091,0.9988938996380345
6.202542427272727,0.9989217609064268
6.274665013636363,0.9989487091218948
6.3467876,0.9989747817656146
6.418910186363636,0.9990000144531352
6.491032772727272,0.9990244410439968
6.563155359090909,0.9990480937439099
6.635277945454545,0.9990710032000687
6.707400531818181,0.9990931985901208
6.779523118181817,0.9991147077052738
6.851645704545454,0.9991355570279763
6.923768290909091,0.999155771804575
6.995890877272727,0.9991753761133169
7.068013463636364,0.9991943929280346
7.14013605,0.9992128441778261
