#Exponential - Cost J(iterations) convergence
#iterations, J(iterations)
1,1.192980067513089
2,1.179174686066059
3,1.165623690100489
4,1.152322016841589
5,1.139264706302536
6,1.126446899187433
7,1.113863834837134
8,1.101510849216999
9,1.089383372945756
10,1.077476929364633
11,1.065787132645912
12,1.05430968594013
13,1.043040379561108
14,1.031975089208065
15,1.021109774224026
16,1.010440475889822
17,0.99996331575291
18,0.9896744939903441
19,0.9795702878051716
20,0.9696470498555778
21,0.9599012067161224
22,0.9503292573703931
23,0.9409277717344485
24,0.9316933892104161
25,0.9226228172696306
26,0.9137128300647034
27,0.9049602670699483
28,0.8963620317495555
29,0.8879150902529809
30,0.8796164701369732
31,0.8714632591136874
32,0.8634526038243834
33,0.8555817086381589
34,0.8478478344752048
35,0.8402482976541061
36,0.8327804687626722
37,0.8254417715518286
38,0.8182296818520973
39,0.8111417265121984
40,0.8041754823593313
41,0.7973285751806846
42,0.7905986787257396
43,0.7839835137289536
44,0.7774808469523926
45,0.7710884902479185
46,0.7648042996385178
47,0.7586261744183953
48,0.752552056271441
49,0.7465799284076944
50,0.7407078147174424
51,0.7349337789425826
52,0.7292559238649187
53,0.7236723905110131
54,0.7181813573732878
55,0.7127810396470123
56,0.70746968848289
57,0.702245590254884
58,0.6971070658430044
59,0.6920524699307301
60,0.6870801903167807
61,0.6821886472409316
62,0.6773762927236024
63,0.6726416099189119
64,0.6679831124809603
65,0.6633993439430289
66,0.6588888771094638
67,0.6544503134599733
68,0.650082282566081
69,0.6457834415194904
70,0.6415524743721234
71,0.6373880915875858
72,0.6332890295038264
73,0.6292540498067726
74,0.6252819390146972
75,0.6213715079731233
76,0.6175215913600282
77,0.6137310472011521
78,0.6099987563951945
79,0.6063236222487081
80,0.6027045700204759
81,0.599140546475197
82,0.595630519446271
83,0.5921734774075134
84,0.5887684290536074
85,0.5854144028891151
86,0.582110446825884
87,0.5788556277886577
88,0.5756490313287442
89,0.5724897612455624
90,0.5693769392159113
91,0.566309704430807
92,0.5632872132397252
93,0.5603086388021066
94,0.5573731707459706
95,0.5544800148334931
96,0.5516283926334117
97,0.5488175412001095
98,0.5460467127592501
99,0.5433151743998195
100,0.5406222077724628
101,0.5379671087939597
102,0.5353491873577396
103,0.5327677670502982
104,0.5302221848733966
105,0.5277117909719304
106,0.5252359483673498
107,0.5227940326965104
108,0.5203854319558607
109,0.5180095462508401
110,0.5156657875503872
111,0.5133535794464602
112,0.5110723569184566
113,0.5088215661024402
114,0.5066006640650719
115,0.5044091185821522
116,0.5022464079216794
117,0.5001120206313276
118,0.4980054553302664
119,0.4959262205052154
120,0.4938738343106638
121,0.4918478243731594
122,0.4898477275995909
123,0.487873089989375
124,0.4859234664504736
125,0.4839984206191628
126,0.4820975246834748
127,0.4802203592102388
128,0.4783665129756428
129,0.4765355827992606
130,0.4747271733814489
131,0.4729408971440618
132,0.4711763740744189
133,0.4694332315724422
134,0.4677111043009152
135,0.46600963403879
136,0.4643284695374845
137,0.4626672663801096
138,0.4610256868435575
139,0.459403399763412
140,0.4578000804015954
141,0.4562154103167262
142,0.4546490772371066
143,0.453100774936305
144,0.4515702031112672
145,0.4500570672629122
146,0.4485610785791633
147,0.4470819538203522
148,0.4456194152069692
149,0.4441731903096861
150,0.4427430119416287
151,0.4413286180528393
152,0.4399297516268827
153,0.4385461605795673
154,0.4371775976597215
155,0.4358238203519865
156,0.434484590781598
157,0.4331596756210966
158,0.431848845998944
159,0.4305518774099896
160,0.4292685496277697
161,0.4279986466185868
162,0.426741956457333
163,0.425498271245034
164,0.4242673870280637
165,0.4230491037190069
166,0.42184322501913
167,0.4206495583424265
168,0.4194679147412129
169,0.4182981088332305
170,0.4171399587302385
171,0.4159932859680492
172,0.4148579154379941
173,0.4137336753197778
174,0.412620397015702
175,0.411517915086222
176,0.4104260671868132
177,0.4093446940061271
178,0.4082736392053947
179,0.4072127493590693
180,0.4061618738966714
181,0.4051208650458171
182,0.4040895777763986
183,0.40306786974591
184,0.4020556012458692
185,0.4010526351493418
186,0.400058836859519
187,0.3990740742593478
188,0.3980982176621813
189,0.3971311397634311
190,0.3961727155931956
191,0.3952228224698642
192,0.3942813399546456
193,0.3933481498070315
194,0.3924231359411599
195,0.3915061843830634
196,0.3905971832287808
197,0.3896960226033324
198,0.3888025946205084
199,0.3879167933434866
200,0.3870385147462442
201,0.3861676566757496
202,0.3853041188149268
203,0.3844478026463642
204,0.3835986114167628
205,0.3827564501021027
206,0.3819212253735183
207,0.3810928455638618
208,0.3802712206349443
209,0.3794562621454434
210,0.3786478832194577
211,0.3778459985156998
212,0.3770505241973112
213,0.3762613779022899
214,0.3754784787145161
215,0.3747017471353645
216,0.3739311050558904
217,0.3731664757295775
218,0.3724077837456404
219,0.3716549550028658
220,0.3709079166839755
221,0.3701665972305234
222,0.369430926318282
223,0.3687008348331413
224,0.3679762548474833
225,0.367257119597043
226,0.3665433634582307
227,0.3658349219259147
228,0.3651317315916508
229,0.3644337301223579
230,0.3637408562394122
231,0.3630530496981759
232,0.3623702512679298
233,0.3616924027122158
234,0.3610194467695722
235,0.3603513271346642
236,0.3596879884397836
237,0.3590293762367354
238,0.358375436979075
239,0.3577261180047162
240,0.3570813675188797
241,0.356441134577391
242,0.355805369070314
243,0.3551740217059086
244,0.3545470439949204
245,0.3539243882351782
246,0.3533060074965045
247,0.3526918556059325
248,0.3520818871332132
249,0.351476057376623
250,0.3508743223490465
251,0.3502766387643477
252,0.3496829640240107
253,0.3490932562040477
254,0.3485074740421729
255,0.3479255769252319
256,0.3473475248768815
257,0.346773278545523
258,0.3462027991924717
259,0.3456360486803609
260,0.3450729894617902
261,0.3445135845681879
262,0.3439577975989036
263,0.3434055927105181
264,0.342856934606367
265,0.3423117885262747
266,0.3417701202364904
267,0.3412318960198291
268,0.3406970826660101
269,0.3401656474621854
270,0.3396375581836569
271,0.3391127830847849
272,0.3385912908900707
273,0.3380730507854226
274,0.337558032409592
275,0.3370462058457844
276,0.3365375416134346
277,0.3360320106601436
278,0.3355295843537881
279,0.3350302344747665
280,0.3345339332084176
281,0.334040653137584
282,0.3335503672353204
283,0.3330630488577487
284,0.3325786717370556
285,0.3320972099746335
286,0.331618638034346
287,0.3311429307359403
288,0.3306700632485795
289,0.3302000110845139
290,0.3297327500928631
291,0.3292682564535399
292,0.3288065066712739
293,0.3283474775697705
294,0.3278911462859768
295,0.3274374902644625
296,0.3269864872519131
297,0.3265381152917292
298,0.3260923527187331
299,0.325649178153983
300,0.3252085704996853
301,0.3247705089342122
302,0.3243349729072072
303,0.3239019421348002
304,0.3234713965949078
305,0.3230433165226284
306,0.3226176824057288
307,0.3221944749802162
308,0.3217736752260016
309,0.3213552643626459
310,0.3209392238451887
311,0.3205255353600572
312,0.320114180821064
313,0.3197051423654682
314,0.3192984023501295
315,0.3188939433477246
316,0.318491748143045
317,0.3180917997293657
318,0.3176940813048806
319,0.317298576269213
320,0.3169052682199915
321,0.3165141409494901
322,0.3161251784413389
323,0.3157383648672912
324,0.3153536845840659
325,0.3149711221302335
326,0.3145906622231786
327,0.3142122897561108
328,0.3138359897951424
329,0.3134617475764082
330,0.3130895485032614
331,0.3127193781435031
332,0.3123512222266774
333,0.3119850666414184
334,0.311620897432842
335,0.3112587007999917
336,0.3108984630933331
337,0.3105401708122995
338,0.3101838106028759
339,0.3098293692552388
340,0.3094768337014356
341,0.309126191013112
342,0.3087774283992767
343,0.3084305332041191
344,0.3080854929048535
345,0.3077422951096207
346,0.3074009275554189
347,0.3070613781060774
348,0.3067236347502668
349,0.3063876855995505
350,0.30605351888647
351,0.3057211229626673
352,0.3053904862970425
353,0.3050615974739469
354,0.3047344451914097
355,0.3044090182593986
356,0.3040853055981123
357,0.3037632962363045
358,0.3034429793096407
359,0.3031243440590863
360,0.3028073798293239
361,0.3024920760671967
362,0.3021784223201897
363,0.3018664082349279
364,0.3015560235557155
365,0.3012472581230878
366,0.3009401018724025
367,0.3006345448324488
368,0.3003305771240882
369,0.3000281889589141
370,0.2997273706379427
371,0.2994281125503235
372,0.2991304051720732
373,0.2988342390648399
374,0.2985396048746772
375,0.2982464933308539
376,0.2979548952446783
377,0.2976648015083439
378,0.2973762030937991
379,0.2970890910516347
380,0.2968034565099943
381,0.2965192906735031
382,0.296236584822214
383,0.2959553303105751
384,0.2956755185664191
385,0.2953971410899617
386,0.2951201894528273
387,0.2948446552970889
388,0.29457053033432
389,0.2942978063446754
390,0.2940264751759744
391,0.2937565287428101
392,0.2934879590256714
393,0.2932207580700809
394,0.2929549179857477
395,0.2926904309457347
396,0.2924272891856406
397,0.292165485002797
398,0.2919050107554847
399,0.2916458588621469
400,0.2913880218006406
401,0.2911314921074791
402,0.290876262377101
403,0.2906223252611456
404,0.2903696734677463
405,0.2901182997608259
406,0.2898681969594198
407,0.2896193579369951
408,0.2893717756207914
409,0.2891254429911686
410,0.2888803530809685
411,0.2886364989748846
412,0.2883938738088436
413,0.288152470769398
414,0.2879122830931279
415,0.2876733040660562
416,0.2874355270230671
417,0.2871989453473409
418,0.2869635524697949
419,0.2867293418685331
420,0.2864963070683098
421,0.2862644416399951
422,0.2860337392000521
423,0.2858041934100293
424,0.2855757979760465
425,0.2853485466483078
426,0.2851224332206041
427,0.2848974515298398
428,0.284673595455552
429,0.2844508589194545
430,0.2842292358849723
431,0.2840087203567976
432,0.2837893063804389
433,0.2835709880417943
434,0.283353759466716
435,0.2831376148205892
436,0.2829225483079207
437,0.2827085541719245
438,0.2824956266941219
439,0.282283760193946
440,0.2820729490283517
441,0.2818631875914298
442,0.2816544703140338
443,0.2814467916634016
444,0.2812401461427957
445,0.281034528291137
446,0.2808299326826539
447,0.2806263539265311
448,0.2804237866665648
449,0.2802222255808259
450,0.2800216653813231
451,0.2798221008136764
452,0.2796235266567921
453,0.279425937722544
454,0.2792293288554579
455,0.2790336949324057
456,0.2788390308622966
457,0.2786453315857753
458,0.2784525920749329
459,0.2782608073330072
460,0.2780699723941001
461,0.277880082322891
462,0.2776911322143615
463,0.2775031171935152
464,0.2773160324151119
465,0.2771298730633937
466,0.2769446343518276
467,0.276760311522842
468,0.2765768998475721
469,0.2763943946256054
470,0.276212791184736
471,0.2760320848807132
472,0.2758522710970054
473,0.2756733452445596
474,0.2754953027615629
475,0.2753181391132131
476,0.2751418497914864
477,0.2749664303149186
478,0.2747918762283723
479,0.2746181831028232
480,0.2744453465351407
481,0.2742733621478763
482,0.2741022255890477
483,0.2739319325319351
484,0.2737624786748706
485,0.2735938597410421
486,0.2734260714782821
487,0.2732591096588824
488,0.2730929700793884
489,0.2729276485604106
490,0.2727631409464364
491,0.2725994431056377
492,0.2724365509296879
493,0.2722744603335786
494,0.2721131672554365
495,0.2719526676563502
496,0.2717929575201851
497,0.2716340328534185
498,0.2714758896849613
499,0.2713185240659877
500,0.2711619320697739
501,0.2710061097915226
502,0.2708510533482072
503,0.2706967588784054
504,0.2705432225421405
505,0.2703904405207244
506,0.2702384090165976
507,0.2700871242531792
508,0.2699365824747129
509,0.2697867799461138
510,0.2696377129528224
511,0.2694893778006541
512,0.269341770815658
513,0.2691948883439681
514,0.2690487267516635
515,0.268903282424627
516,0.2687585517684066
517,0.2686145312080749
518,0.2684712171880967
519,0.2683286061721937
520,0.2681866946432087
521,0.2680454791029747
522,0.2679049560721879
523,0.2677651220902752
524,0.2676259737152672
525,0.2674875075236724
526,0.2673497201103541
527,0.2672126080884052
528,0.2670761680890245
529,0.2669403967613987
530,0.2668052907725825
531,0.2666708468073776
532,0.2665370615682173
533,0.2664039317750514
534,0.2662714541652293
535,0.266139625493387
536,0.2660084425313371
537,0.2658779020679518
538,0.2657480009090583
539,0.2656187358773274
540,0.2654901038121625
541,0.2653621015695997
542,0.2652347260221936
543,0.2651079740589169
544,0.2649818425850567
545,0.2648563285221096
546,0.2647314288076806
547,0.264607140395383
548,0.2644834602547348
549,0.2643603853710643
550,0.264237912745408
551,0.2641160393944164
552,0.2639947623502533
553,0.2638740786605076
554,0.2637539853880899
555,0.2636344796111439
556,0.2635155584229544
557,0.2633972189318509
558,0.2632794582611188
559,0.2631622735489099
560,0.2630456619481512
561,0.2629296206264563
562,0.2628141467660363
563,0.2626992375636152
564,0.2625848902303397
565,0.2624711019916979
566,0.2623578700874289
567,0.2622451917714426
568,0.2621330643117339
569,0.262021484990301
570,0.2619104511030614
571,0.2617999599597726
572,0.2616900088839492
573,0.2615805952127839
574,0.2614717162970664
575,0.2613633695011082
576,0.2612555522026591
577,0.2611482617928331
578,0.2610414956760317
579,0.2609352512698629
580,0.2608295260050733
581,0.2607243173254645
582,0.260619622687825
583,0.260515439561852
584,0.2604117654300806
585,0.2603085977878088
586,0.2602059341430275
587,0.260103772016349
588,0.2600021089409298
589,0.2599009424624087
590,0.2598002701388312
591,0.2597000895405822
592,0.2596003982503156
593,0.2595011938628846
594,0.2594024739852779
595,0.2593042362365497
596,0.2592064782477505
597,0.2591091976618641
598,0.2590123921337399
599,0.2589160593300295
600,0.2588201969291177
601,0.2587248026210601
602,0.2586298741075196
603,0.2585354091017025
604,0.2584414053282942
605,0.2583478605233975
606,0.2582547724344697
607,0.2581621388202607
608,0.2580699574507521
609,0.2579782261070966
610,0.2578869425815545
611,0.2577961046774373
612,0.2577057102090479
613,0.2576157570016161
614,0.2575262428912464
615,0.2574371657248541
616,0.2573485233601132
617,0.2572603136653895
618,0.2571725345196931
619,0.2570851838126145
620,0.2569982594442721
621,0.2569117593252541
622,0.2568256813765632
623,0.2567400235295586
624,0.2566547837259074
625,0.2565699599175229
626,0.2564855500665136
627,0.2564015521451291
628,0.2563179641357065
629,0.2562347840306146
630,0.2561520098322055
631,0.256069639552758
632,0.2559876712144259
633,0.2559061028491896
634,0.2558249324987981
635,0.2557441582147242
636,0.2556637780581112
637,0.2555837900997183
638,0.255504192419876
639,0.2554249831084344
640,0.2553461602647113
641,0.2552677219974457
642,0.2551896664247454
643,0.2551119916740422
644,0.2550346958820424
645,0.2549577771946741
646,0.2548812337670454
647,0.2548050637633947
648,0.2547292653570413
649,0.2546538367303404
650,0.2545787760746374
651,0.254504081590218
652,0.2544297514862661
653,0.2543557839808149
654,0.254282177300703
655,0.2542089296815261
656,0.2541360393675985
657,0.2540635046119006
658,0.2539913236760379
659,0.2539194948301973
660,0.2538480163531034
661,0.2537768865319728
662,0.2537061036624704
663,0.2536356660486683
664,0.2535655720030051
665,0.2534958198462324
666,0.2534264079073868
667,0.2533573345237372
668,0.253288598040747
669,0.2532201968120314
670,0.253152129199316
671,0.2530843935723966
672,0.2530169883090955
673,0.2529499117952237
674,0.2528831624245395
675,0.2528167385987056
676,0.2527506387272518
677,0.2526848612275352
678,0.2526194045246989
679,0.252554267051635
680,0.2524894472489408
681,0.2524249435648851
682,0.2523607544553657
683,0.252296878383874
684,0.2522333138214524
685,0.2521700592466616
686,0.2521071131455369
687,0.2520444740115562
688,0.251982140345597
689,0.251920110655904
690,0.2518583834580476
691,0.2517969572748903
692,0.2517358306365514
693,0.251675002080364
694,0.2516144701508445
695,0.2515542333996566
696,0.2514942903855711
697,0.2514346396744337
698,0.2513752798391301
699,0.251316209459547
700,0.2512574271225401
701,0.2511989314218999
702,0.2511407209583129
703,0.251082794339331
704,0.2510251501793362
705,0.250967787099505
706,0.2509107037277776
707,0.250853898698818
708,0.2507973706539877
709,0.2507411182413093
710,0.2506851401154283
711,0.2506294349375921
712,0.2505740013756015
713,0.2505188381037923
714,0.2504639438029948
715,0.250409317160501
716,0.2503549568700378
717,0.2503008616317298
718,0.2502470301520699
719,0.2501934611438885
720,0.2501401533263174
721,0.2500871054247654
722,0.2500343161708818
723,0.2499817843025262
724,0.249929508563739
725,0.2498774877047103
726,0.2498257204817495
727,0.2497742056572538
728,0.2497229419996797
729,0.2496719282835117
730,0.2496211632892318
731,0.2495706458032926
732,0.2495203746180841
733,0.2494703485319063
734,0.2494205663489407
735,0.2493710268792186
736,0.2493217289385939
737,0.2492726713487153
738,0.249223852936995
739,0.2491752725365813
740,0.2491269289863313
741,0.2490788211307803
742,0.249030947820118
743,0.2489833079101537
744,0.2489359002622955
745,0.2488887237435193
746,0.2488417772263405
747,0.2487950595887886
748,0.2487485697143793
749,0.2487023064920859
750,0.2486562688163164
751,0.2486104555868812
752,0.2485648657089702
753,0.2485194980931254
754,0.248474351655215
755,0.2484294253164066
756,0.248384718003138
757,0.2483402286470991
758,0.248295956185197
759,0.2482518995595357
760,0.2482080577173902
761,0.2481644296111796
762,0.2481210141984397
763,0.248077810441805
764,0.2480348173089739
765,0.2479920337726921
766,0.2479494588107226
767,0.2479070914058251
768,0.2478649305457252
769,0.247822975223097
770,0.2477812244355345
771,0.2477396771855291
772,0.2476983324804441
773,0.2476571893324916
774,0.2476162467587101
775,0.2475755037809359
776,0.2475349594257871
777,0.2474946127246332
778,0.2474544627135748
779,0.2474145084334202
780,0.2473747489296628
781,0.2473351832524555
782,0.247295810456592
783,0.2472566296014799
784,0.2472176397511205
785,0.2471788399740855
786,0.2471402293434937
787,0.2471018069369903
788,0.2470635718367261
789,0.2470255231293291
790,0.2469876599058889
791,0.2469499812619339
792,0.2469124862974041
793,0.246875174116638
794,0.2468380438283445
795,0.246801094545583
796,0.2467643253857443
797,0.2467277354705257
798,0.2466913239259134
799,0.2466550898821586
800,0.2466190324737599
801,0.2465831508394378
802,0.2465474441221188
803,0.2465119114689108
804,0.2464765520310872
805,0.2464413649640606
806,0.2464063494273682
807,0.246371504584647
808,0.2463368296036186
809,0.2463023236560621
810,0.2462679859178026
811,0.2462338155686844
812,0.2461998117925566
813,0.2461659737772486
814,0.2461323007145552
815,0.2460987918002139
816,0.2460654462338861
817,0.2460322632191405
818,0.2459992419634299
819,0.245966381678076
820,0.2459336815782477
821,0.2459011408829438
822,0.2458687588149732
823,0.2458365346009372
824,0.2458044674712113
825,0.2457725566599245
826,0.2457408014049433
827,0.2457092009478527
828,0.2456777545339377
829,0.2456464614121644
830,0.245615320835164
831,0.2455843320592141
832,0.2455534943442198
833,0.2455228069536963
834,0.2454922691547527
835,0.2454618802180725
836,0.2454316394178982
837,0.2454015460320113
838,0.2453715993417183
839,0.2453417986318281
840,0.2453121431906424
841,0.2452826323099329
842,0.2452532652849239
843,0.2452240414142807
844,0.2451949600000886
845,0.2451660203478353
846,0.245137221766399
847,0.2451085635680269
848,0.2450800450683227
849,0.2450516655862261
850,0.2450234244439992
851,0.2449953209672122
852,0.2449673544847202
853,0.2449395243286563
854,0.2449118298344083
855,0.2448842703406067
856,0.2448568451891069
857,0.2448295537249753
858,0.2448023952964708
859,0.2447753692550321
860,0.2447484749552611
861,0.2447217117549063
862,0.2446950790148495
863,0.2446685760990902
864,0.2446422023747274
865,0.2446159572119473
866,0.2445898399840087
867,0.2445638500672272
868,0.2445379868409577
869,0.2445122496875839
870,0.2444866379925005
871,0.2444611511440994
872,0.2444357885337557
873,0.2444105495558131
874,0.2443854336075649
875,0.2443604400892495
876,0.2443355684040256
877,0.2443108179579639
878,0.244286188160032
879,0.244261678422078
880,0.2442372881588196
881,0.2442130167878272
882,0.244188863729512
883,0.2441648284071114
884,0.2441409102466762
885,0.2441171086770535
886,0.2440934231298781
887,0.2440698530395546
888,0.2440463978432454
889,0.2440230569808588
890,0.2439998298950328
891,0.2439767160311242
892,0.243953714837193
893,0.2439308257639922
894,0.2439080482649504
895,0.2438853817961643
896,0.2438628258163797
897,0.2438403797869842
898,0.2438180431719901
899,0.2437958154380228
900,0.2437736960543091
901,0.2437516844926637
902,0.2437297802274773
903,0.2437079827357008
904,0.243686291496839
905,0.2436647059929323
906,0.243643225708546
907,0.2436218501307597
908,0.2436005787491546
909,0.243579411055799
910,0.2435583465452372
911,0.2435373847144801
912,0.2435165250629888
913,0.2434957670926676
914,0.2434751103078454
915,0.2434545542152718
916,0.243434098324098
917,0.2434137421458706
918,0.2433934851945163
919,0.2433733269863328
920,0.2433532670399742
921,0.2433333048764447
922,0.2433134400190795
923,0.2432936719935417
924,0.2432740003278045
925,0.2432544245521434
926,0.2432349441991234
927,0.2432155588035901
928,0.2431962679026543
929,0.243177071035685
930,0.2431579677442981
931,0.2431389575723418
932,0.2431200400658895
933,0.2431012147732282
934,0.243082481244845
935,0.2430638390334217
936,0.243045287693818
937,0.2430268267830652
938,0.2430084558603543
939,0.2429901744870239
940,0.2429719822265527
941,0.2429538786445476
942,0.2429358633087324
943,0.2429179357889378
944,0.242900095657093
945,0.2428823424872136
946,0.242864675855392
947,0.242847095339787
948,0.242829600520614
949,0.2428121909801342
950,0.2427948663026474
951,0.242777626074478
952,0.2427604698839678
953,0.2427433973214641
954,0.2427264079793145
955,0.242709501451851
956,0.2426926773353848
957,0.2426759352281943
958,0.2426592747305162
959,0.2426426954445366
960,0.2426261969743815
961,0.2426097789261051
962,0.2425934409076834
963,0.2425771825290022
964,0.2425610034018513
965,0.2425449031399124
966,0.2425288813587483
967,0.2425129376757977
968,0.2424970717103644
969,0.2424812830836087
970,0.2424655714185343
971,0.242449936339987
972,0.2424343774746392
973,0.2424188944509844
974,0.2424034868993239
975,0.2423881544517668
976,0.2423728967422109
977,0.2423577134063402
978,0.2423426040816158
979,0.2423275684072644
980,0.2423126060242731
981,0.242297716575378
982,0.2422828997050561
983,0.2422681550595196
984,0.2422534822867038
985,0.2422388810362607
986,0.2422243509595508
987,0.2422098917096334
988,0.2421955029412582
989,0.2421811843108604
990,0.2421669354765477
991,0.2421527560980954
992,0.2421386458369376
993,0.2421246043561584
994,0.2421106313204845
995,0.2420967263962759
996,0.2420828892515218
997,0.2420691195558271
998,0.2420554169804078
999,0.2420417811980845
1000,0.2420282118832703
1001,0.2420147087119663
1002,0.2420012713617545
1003,0.2419878995117857
1004,0.2419745928427785
1005,0.2419613510370035
1006,0.2419481737782838
1007,0.2419350607519824
1008,0.2419220116449953
1009,0.2419090261457472
1010,0.2418961039441785
1011,0.241883244731743
1012,0.2418704482013988
1013,0.2418577140475992
1014,0.2418450419662889
1015,0.2418324316548924
1016,0.2418198828123115
1017,0.2418073951389146
1018,0.2417949683365305
1019,0.2417826021084424
1020,0.2417702961593791
1021,0.2417580501955089
1022,0.2417458639244331
1023,0.2417337370551773
1024,0.2417216692981856
1025,0.2417096603653153
1026,0.2416977099698261
1027,0.2416858178263768
1028,0.2416739836510158
1029,0.2416622071611772
1030,0.2416504880756724
1031,0.2416388261146823
1032,0.2416272209997527
1033,0.2416156724537867
1034,0.2416041802010373
1035,0.2415927439671031
1036,0.2415813634789198
1037,0.2415700384647535
1038,0.2415587686541956
1039,0.241547553778155
1040,0.241536393568853
1041,0.2415252877598163
1042,0.2415142360858702
1043,0.2415032382831318
1044,0.2414922940890067
1045,0.2414814032421781
1046,0.241470565482605
1047,0.2414597805515118
1048,0.2414490481913874
1049,0.2414383681459731
1050,0.2414277401602604
1051,0.2414171639804848
1052,0.2414066393541178
1053,0.2413961660298618
1054,0.2413857437576443
1055,0.2413753722886118
1056,0.2413650513751241
1057,0.2413547807707482
1058,0.2413445602302527
1059,0.2413343895095998
1060,0.241324268365944
1061,0.2413141965576207
1062,0.2413041738441455
1063,0.2412941999862056
1064,0.2412842747456549
1065,0.2412743978855075
1066,0.2412645691699326
1067,0.2412547883642504
1068,0.2412450552349242
1069,0.2412353695495556
1070,0.2412257310768782
1071,0.2412161395867549
1072,0.2412065948501683
1073,0.2411970966392196
1074,0.2411876447271194
1075,0.2411782388881831
1076,0.2411688788978289
1077,0.241159564532567
1078,0.2411502955699978
1079,0.2411410717888073
1080,0.2411318929687575
1081,0.2411227588906866
1082,0.2411136693365004
1083,0.2411046240891669
1084,0.2410956229327122
1085,0.2410866656522161
1086,0.2410777520338055
1087,0.2410688818646503
1088,0.2410600549329565
1089,0.2410512710279642
1090,0.2410425299399394
1091,0.2410338314601718
1092,0.2410251753809673
1093,0.2410165614956454
1094,0.2410079895985318
1095,0.2409994594849552
1096,0.2409909709512424
1097,0.2409825237947126
1098,0.2409741178136735
1099,0.2409657528074151
1100,0.2409574285762068
1101,0.2409491449212899
1102,0.2409409016448771
1103,0.2409326985501432
1104,0.2409245354412231
1105,0.2409164121232064
1106,0.2409083284021324
1107,0.2409002840849866
1108,0.2408922789796957
1109,0.2408843128951207
1110,0.2408763856410559
1111,0.2408684970282233
1112,0.2408606468682664
1113,0.2408528349737464
1114,0.2408450611581389
1115,0.2408373252358304
1116,0.2408296270221081
1117,0.2408219663331637
1118,0.2408143429860833
1119,0.2408067567988438
1120,0.2407992075903095
1121,0.2407916951802294
1122,0.2407842193892292
1123,0.2407767800388101
1124,0.2407693769513435
1125,0.2407620099500647
1126,0.2407546788590731
1127,0.2407473835033251
1128,0.2407401237086282
1129,0.2407328993016419
1130,0.2407257101098688
1131,0.2407185559616534
1132,0.2407114366861753
1133,0.2407043521134488
1134,0.240697302074317
1135,0.2406902864004442
1136,0.2406833049243182
1137,0.2406763574792439
1138,0.2406694438993351
1139,0.2406625640195191
1140,0.2406557176755236
1141,0.2406489047038798
1142,0.2406421249419145
1143,0.2406353782277479
1144,0.2406286644002878
1145,0.2406219832992299
1146,0.2406153347650496
1147,0.2406087186390002
1148,0.2406021347631088
1149,0.2405955829801723
1150,0.2405890631337549
1151,0.240582575068181
1152,0.2405761186285368
1153,0.2405696936606625
1154,0.2405633000111485
1155,0.2405569375273349
1156,0.2405506060573046
1157,0.2405443054498812
1158,0.2405380355546262
1159,0.2405317962218337
1160,0.240525587302527
1161,0.240519408648456
1162,0.2405132601120935
1163,0.2405071415466322
1164,0.2405010528059789
1165,0.240494993744753
1166,0.2404889642182823
1167,0.240482964082601
1168,0.2404769931944442
1169,0.2404710514112441
1170,0.2404651385911313
1171,0.2404592545929237
1172,0.2404533992761313
1173,0.2404475725009457
1174,0.2404417741282424
1175,0.2404360040195736
1176,0.2404302620371666
1177,0.2404245480439206
1178,0.240418861903403
1179,0.2404132034798467
1180,0.2404075726381456
1181,0.2404019692438531
1182,0.2403963931631757
1183,0.2403908442629751
1184,0.2403853224107605
1185,0.2403798274746867
1186,0.2403743593235519
1187,0.240368917826793
1188,0.2403635028544839
1189,0.2403581142773319
1190,0.2403527519666744
1191,0.240347415794476
1192,0.2403421056333251
1193,0.2403368213564306
1194,0.2403315628376223
1195,0.2403263299513405
1196,0.2403211225726419
1197,0.2403159405771893
1198,0.2403107838412534
1199,0.2403056522417062
1200,0.2403005456560211
1201,0.2402954639622698
1202,0.2402904070391154
1203,0.2402853747658152
1204,0.240280367022214
1205,0.2402753836887416
1206,0.2402704246464123
1207,0.2402654897768183
1208,0.240260578962131
1209,0.2402556920850952
1210,0.2402508290290269
1211,0.2402459896778117
1212,0.2402411739159006
1213,0.2402363816283081
1214,0.2402316127006091
1215,0.2402268670189365
1216,0.2402221444699783
1217,0.2402174449409739
1218,0.2402127683197133
1219,0.2402081144945328
1220,0.2402034833543144
1221,0.2401988747884803
1222,0.2401942886869918
1223,0.2401897249403475
1224,0.2401851834395779
1225,0.2401806640762481
1226,0.2401761667424476
1227,0.2401716913307956
1228,0.240167237734432
1229,0.2401628058470194
1230,0.2401583955627367
1231,0.2401540067762818
1232,0.2401496393828627
1233,0.2401452932781999
1234,0.2401409683585212
1235,0.2401366645205618
1236,0.2401323816615594
1237,0.2401281196792518
1238,0.2401238784718768
1239,0.240119657938166
1240,0.2401154579773483
1241,0.2401112784891395
1242,0.2401071193737476
1243,0.2401029805318649
1244,0.2400988618646695
1245,0.2400947632738202
1246,0.2400906846614543
1247,0.2400866259301886
1248,0.2400825869831122
1249,0.2400785677237882
1250,0.2400745680562477
1251,0.2400705878849925
1252,0.2400666271149879
1253,0.2400626856516628
1254,0.2400587634009076
1255,0.2400548602690699
1256,0.2400509761629564
1257,0.2400471109898262
1258,0.2400432646573906
1259,0.2400394370738115
1260,0.2400356281476976
1261,0.2400318377881036
1262,0.2400280659045279
1263,0.2400243124069085
1264,0.2400205772056243
1265,0.2400168602114908
1266,0.2400131613357566
1267,0.2400094804901042
1268,0.2400058175866466
1269,0.2400021725379251
1270,0.2399985452569068
1271,0.2399949356569833
1272,0.2399913436519699
1273,0.2399877691560987
1274,0.2399842120840229
1275,0.2399806723508102
1276,0.2399771498719431
1277,0.2399736445633156
1278,0.2399701563412314
1279,0.2399666851224026
1280,0.2399632308239484
1281,0.2399597933633889
1282,0.2399563726586491
1283,0.2399529686280538
1284,0.2399495811903243
1285,0.2399462102645791
1286,0.2399428557703313
1287,0.2399395176274861
1288,0.2399361957563383
1289,0.2399328900775726
1290,0.2399296005122599
1291,0.2399263269818536
1292,0.2399230694081945
1293,0.2399198277135002
1294,0.2399166018203701
1295,0.2399133916517779
1296,0.239910197131077
1297,0.2399070181819906
1298,0.2399038547286164
1299,0.2399007066954198
1300,0.2398975740072358
1301,0.2398944565892661
1302,0.2398913543670756
1303,0.239888267266593
1304,0.2398851952141087
1305,0.2398821381362706
1306,0.2398790959600856
1307,0.2398760686129163
1308,0.239873056022478
1309,0.2398700581168401
1310,0.2398670748244216
1311,0.2398641060739908
1312,0.239861151794663
1313,0.2398582119158991
1314,0.239855286367505
1315,0.2398523750796259
1316,0.2398494779827506
1317,0.2398465950077043
1318,0.2398437260856516
1319,0.2398408711480906
1320,0.2398380301268548
1321,0.2398352029541089
1322,0.2398323895623496
1323,0.2398295898844004
1324,0.239826803853415
1325,0.239824031402871
1326,0.2398212724665712
1327,0.2398185269786402
1328,0.2398157948735248
1329,0.2398130760859904
1330,0.2398103705511204
1331,0.2398076782043161
1332,0.2398049989812918
1333,0.2398023328180761
1334,0.2397996796510088
1335,0.2397970394167419
1336,0.2397944120522333
1337,0.2397917974947502
1338,0.2397891956818656
1339,0.2397866065514545
1340,0.2397840300416994
1341,0.2397814660910779
1342,0.239778914638373
1343,0.2397763756226643
1344,0.2397738489833255
1345,0.2397713346600305
1346,0.2397688325927439
1347,0.2397663427217248
1348,0.2397638649875222
1349,0.2397613993309758
1350,0.2397589456932133
1351,0.2397565040156493
1352,0.2397540742399847
1353,0.2397516563082027
1354,0.2397492501625723
1355,0.2397468557456401
1356,0.2397444730002367
1357,0.2397421018694683
1358,0.2397397422967206
1359,0.2397373942256532
1360,0.2397350576002025
1361,0.239732732364577
1362,0.239730418463256
1363,0.2397281158409922
1364,0.2397258244428053
1365,0.2397235442139843
1366,0.239721275100084
1367,0.2397190170469249
1368,0.2397167700005925
1369,0.2397145339074331
1370,0.2397123087140564
1371,0.239710094367331
1372,0.2397078908143867
1373,0.2397056980026081
1374,0.2397035158796387
1375,0.2397013443933746
1376,0.2396991834919688
1377,0.2396970331238247
1378,0.2396948932375993
1379,0.2396927637821975
1380,0.2396906447067754
1381,0.239688535960735
1382,0.2396864374937274
1383,0.2396843492556469
1384,0.2396822711966329
1385,0.2396802032670676
1386,0.2396781454175763
1387,0.239676097599022
1388,0.2396740597625108
1389,0.2396720318593848
1390,0.2396700138412242
1391,0.2396680056598441
1392,0.2396660072672965
1393,0.2396640186158653
1394,0.2396620396580685
1395,0.2396600703466538
1396,0.2396581106346001
1397,0.2396561604751159
1398,0.2396542198216381
1399,0.2396522886278289
1400,0.2396503668475768
1401,0.2396484544349978
1402,0.2396465513444276
1403,0.2396446575304264
1404,0.2396427729477766
1405,0.2396408975514798
1406,0.239639031296757
1407,0.2396371741390485
1408,0.2396353260340111
1409,0.239633486937517
1410,0.239631656805654
1411,0.2396298355947261
1412,0.2396280232612471
1413,0.2396262197619429
1414,0.2396244250537538
1415,0.2396226390938269
1416,0.2396208618395192
1417,0.2396190932483949
1418,0.2396173332782257
1419,0.2396155818869884
1420,0.2396138390328659
1421,0.239612104674244
1422,0.2396103787697122
1423,0.2396086612780603
1424,0.2396069521582803
1425,0.2396052513695632
1426,0.2396035588713011
1427,0.2396018746230801
1428,0.2396001985846874
1429,0.2395985307161036
1430,0.239596870977505
1431,0.2395952193292632
1432,0.2395935757319399
1433,0.2395919401462932
1434,0.2395903125332693
1435,0.2395886928540057
1436,0.2395870810698306
1437,0.2395854771422586
1438,0.2395838810329931
1439,0.2395822927039238
1440,0.2395807121171266
1441,0.2395791392348624
1442,0.2395775740195745
1443,0.2395760164338913
1444,0.2395744664406219
1445,0.2395729240027575
1446,0.23957138908347
1447,0.239569861646109
1448,0.2395683416542052
1449,0.2395668290714654
1450,0.2395653238617744
1451,0.2395638259891918
1452,0.2395623354179532
1453,0.239560852112468
1454,0.2395593760373205
1455,0.2395579071572651
1456,0.239556445437231
1457,0.2395549908423158
1458,0.2395535433377886
1459,0.2395521028890878
1460,0.23955066946182
1461,0.2395492430217581
1462,0.2395478235348446
1463,0.2395464109671862
1464,0.2395450052850548
1465,0.2395436064548872
1466,0.2395422144432837
1467,0.2395408292170077
1468,0.2395394507429839
1469,0.2395380789882985
1470,0.2395367139201985
1471,0.2395353555060903
1472,0.2395340037135391
1473,0.2395326585102682
1474,0.2395313198641584
1475,0.2395299877432471
1476,0.2395286621157275
1477,0.2395273429499475
1478,0.2395260302144087
1479,0.2395247238777684
1480,0.2395234239088347
1481,0.2395221302765681
1482,0.2395208429500818
1483,0.239519561898636
1484,0.2395182870916462
1485,0.2395170184986723
1486,0.2395157560894241
1487,0.2395144998337599
1488,0.2395132497016836
1489,0.2395120056633458
1490,0.2395107676890434
1491,0.2395095357492175
1492,0.2395083098144519
1493,0.2395070898554763
1494,0.2395058758431611
1495,0.2395046677485203
1496,0.2395034655427081
1497,0.2395022691970185
1498,0.2395010786828879
1499,0.2394998939718901
1500,0.2394987150357372
