#Pareto - Cost J(iterations) convergence
#iterations, J(iterations)
1,1.137352475179536
2,1.115718990362315
3,1.10688159450549
4,1.10146271732036
5,1.096968498587508
6,1.092735666112576
7,1.088587757067906
8,1.084477766423652
9,1.080393116307901
10,1.076330384470649
11,1.072288583812671
12,1.068267375206093
13,1.064266592227112
14,1.060286114766015
15,1.056325835414281
16,1.052385650523936
17,1.04846545782802
18,1.044565155805871
19,1.0406846435124
20,1.036823820530788
21,1.032982586957995
22,1.029160843399018
23,1.025358490963474
24,1.021575431262821
25,1.017811566407749
26,1.014066799005639
27,1.010341032158027
28,1.006634169458107
29,1.002946114988227
30,0.9992767733174146
31,0.995626049498902
32,0.9919938490676734
33,0.9883800780380159
34,0.9847846429010918
35,0.9812074506225162
36,0.9776484086399523
37,0.9741074248607133
38,0.9705844076593828
39,0.9670792658754402
40,0.9635919088109054
41,0.9601222462279885
42,0.9566701883467581
43,0.9532356458428168
44,0.9498185298449876
45,0.9464187519330208
46,0.9430362241352958
47,0.9396708589265557
48,0.9363225692256345
49,0.9329912683932099
50,0.9296768702295545
51,0.926379288972313
52,0.9230984392942752
53,0.9198342363011767
54,0.9165865955294941
55,0.9133554329442645
56,0.9101406649369093
57,0.9069422083230718
58,0.9037599803404603
59,0.9005938986467172
60,0.8974438813172748
61,0.8943098468432437
62,0.891191714129305
63,0.8880894024916046
64,0.8850028316556725
65,0.881931921754342
66,0.8788765933256839
67,0.8758367673109512
68,0.8728123650525321
69,0.8698033082919148
70,0.8668095191676634
71,0.8638309202134024
72,0.860867434355813
73,0.8579189849126383
74,0.8549854955906986
75,0.8520668904839181
76,0.8491630940713589
77,0.8462740312152724
78,0.8433996271591464
79,0.8405398075257778
80,0.8376944983153454
81,0.8348636259034936
82,0.832047117039432
83,0.8292448988440343
84,0.8264568988079569
85,0.8236830447897603
86,0.8209232650140426
87,0.8181774880695822
88,0.8154456429074931
89,0.8127276588393818
90,0.8100234655355205
91,0.8073329930230272
92,0.8046561716840548
93,0.8019929322539894
94,0.7993432058196599
95,0.7967069238175505
96,0.7940840180320338
97,0.7914744205935975
98,0.7888780639770941
99,0.7862948809999897
100,0.7837248048206286
101,0.7811677689365041
102,0.7786237071825332
103,0.7760925537293502
104,0.7735742430815982
105,0.7710687100762389
106,0.7685758898808634
107,0.7660957179920164
108,0.7636281302335253
109,0.7611730627548412
110,0.7587304520293855
111,0.7563002348529081
112,0.7538823483418491
113,0.7514767299317133
114,0.7490833173754533
115,0.7467020487418536
116,0.744332862413933
117,0.7419756970873478
118,0.739630491768807
119,0.7372971857744904
120,0.7349757187284847
121,0.7326660305612148
122,0.730368061507894
123,0.7280817521069759
124,0.7258070431986131
125,0.7235438759231327
126,0.7212921917195066
127,0.7190519323238413
128,0.7168230397678668
129,0.7146054563774379
130,0.7123991247710431
131,0.7102039878583174
132,0.7080199888385681
133,0.7058470711993005
134,0.7036851787147606
135,0.7015342554444769
136,0.6993942457318135
137,0.6972650942025327
138,0.6951467457633566
139,0.6930391456005475
140,0.6909422391784851
141,0.6888559722382576
142,0.6867802907962574
143,0.6847151411427843
144,0.6826604698406545
145,0.6806162237238197
146,0.6785823498959908
147,0.676558795729267
148,0.6745455088627779
149,0.6725424372013258
150,0.6705495289140389
151,0.6685667324330293
152,0.6665939964520596
153,0.6646312699252143
154,0.6626785020655798
155,0.66073564234393
156,0.6588026404874191
157,0.656879446478279
158,0.6549660105525283
159,0.6530622831986818
160,0.6511682151564698
161,0.649283757415566
162,0.647408861214315
163,0.6455434780384741
164,0.6436875596199564
165,0.6418410579355832
166,0.6400039252058388
167,0.6381761138936366
168,0.6363575767030878
169,0.6345482665782786
170,0.6327481367020504
171,0.6309571404947921
172,0.6291752316132311
173,0.6274023639492358
174,0.6256384916286226
175,0.6238835690099694
176,0.6221375506834327
177,0.6204003914695744
178,0.618672046418192
179,0.6169524708071551
180,0.6152416201412493
181,0.6135394501510247
182,0.6118459167916482
183,0.6101609762417672
184,0.6084845849023731
185,0.6068166993956745
186,0.6051572765639742
187,0.6035062734685521
188,0.6018636473885559
189,0.6002293558198932
190,0.5986033564741331
191,0.5969856072774123
192,0.5953760663693448
193,0.593774692101942
194,0.5921814430385295
195,0.5905962779526809
196,0.5890191558271469
197,0.5874500358527963
198,0.5858888774275582
199,0.5843356401553738
200,0.5827902838451474
201,0.5812527685097109
202,0.5797230543647853
203,0.5782011018279538
204,0.5766868715176364
205,0.5751803242520707
206,0.5736814210482986
207,0.5721901231211572
208,0.5707063918822762
209,0.5692301889390782
210,0.5677614760937844
211,0.5663002153424307
212,0.5648463688738774
213,0.5633998990688373
214,0.5619607684988972
215,0.5605289399255543
216,0.5591043762992479
217,0.5576870407584039
218,0.5562768966284792
219,0.5548739074210144
220,0.5534780368326884
221,0.5520892487443785
222,0.5507075072202279
223,0.549332776506713
224,0.5479650210317217
225,0.5466042054036298
226,0.5452502944103863
227,0.5439032530186028
228,0.5425630463726472
229,0.5412296397937398
230,0.5399029987790595
231,0.5385830890008464
232,0.5372698763055178
233,0.5359633267127819
234,0.5346634064147596
235,0.5333700817751091
236,0.5320833193281567
237,0.5308030857780286
238,0.5295293479977915
239,0.5282620730285953
240,0.5270012280788187
241,0.5257467805232218
242,0.5244986979021018
243,0.5232569479204536
244,0.522021498447132
245,0.5207923175140238
246,0.5195693733152171
247,0.5183526342061806
248,0.517142068702944
249,0.5159376454812826
250,0.5147393333759089
251,0.5135471013796634
252,0.512360918642714
253,0.511180754471758
254,0.510006578329227
255,0.5088383598324966
256,0.5076760687531005
257,0.5065196750159495
258,0.5053691486985515
259,0.5042244600302379
260,0.503085579391393
261,0.5019524773126892
262,0.5008251244743219
263,0.4997034917052525
264,0.4985875499824535
265,0.4974772704301564
266,0.4963726243191063
267,0.4952735830658165
268,0.4941801182318306
269,0.4930922015229858
270,0.4920098047886807
271,0.4909329000211468
272,0.4898614593547252
273,0.4887954550651431
274,0.4877348595687986
275,0.4866796454220453
276,0.4856297853204839
277,0.4845852520982544
278,0.4835460187273328
279,0.4825120583168333
280,0.4814833441123113
281,0.4804598494950718
282,0.4794415479814789
283,0.4784284132222742
284,0.4774204190018905
285,0.4764175392377766
286,0.4754197479797218
287,0.4744270194091825
288,0.4734393278386176
289,0.4724566477108205
290,0.4714789535982595
291,0.4705062202024201
292,0.4695384223531486
293,0.4685755350080035
294,0.4676175332516044
295,0.4666643922949905
296,0.4657160874749765
297,0.4647725942535156
298,0.4638338882170649
299,0.4628999450759529
300,0.4619707406637515
301,0.4610462509366502
302,0.4601264519728346
303,0.4592113199718673
304,0.4583008312540707
305,0.4573949622599168
306,0.4564936895494153
307,0.4555969898015083
308,0.4547048398134658
309,0.4538172165002872
310,0.4529340968941015
311,0.4520554581435751
312,0.4511812775133196
313,0.4503115323833027
314,0.4494462002482651
315,0.4485852587171355
316,0.4477286855124538
317,0.4468764584697922
318,0.4460285555371838
319,0.4451849547745504
320,0.4443456343531354
321,0.4435105725549399
322,0.4426797477721587
323,0.4418531385066233
324,0.4410307233692439
325,0.4402124810794573
326,0.4393983904646745
327,0.4385884304597357
328,0.4377825801063622
329,0.4369808185526157
330,0.4361831250523585
331,0.4353894789647168
332,0.434599859753546
333,0.4338142469869004
334,0.4330326203365029
335,0.4322549595772207
336,0.431481244586541
337,0.43071145534405
338,0.4299455719309163
339,0.4291835745293737
340,0.4284254434222099
341,0.4276711589922552
342,0.4269207017218752
343,0.4261740521924667
344,0.4254311910839537
345,0.4246920991742887
346,0.4239567573389541
347,0.4232251465504692
348,0.4224972478778958
349,0.4217730424863499
350,0.421052511636513
351,0.4203356366841487
352,0.4196223990796191
353,0.4189127803674053
354,0.4182067621856292
355,0.4175043262655802
356,0.4168054544312397
357,0.4161101285988136
358,0.4154183307762627
359,0.4147300430628365
360,0.4140452476486123
361,0.4133639268140326
362,0.4126860629294471
363,0.4120116384546562
364,0.411340635938458
365,0.4106730380181955
366,0.4100088274193084
367,0.4093479869548858
368,0.4086904995252211
369,0.4080363481173697
370,0.4073855158047093
371,0.4067379857465012
372,0.4060937411874548
373,0.4054527654572943
374,0.404815041970327
375,0.404180554225014
376,0.403549285803544
377,0.4029212203714076
378,0.4022963416769751
379,0.4016746335510755
380,0.4010560799065789
381,0.4004406647379797
382,0.3998283721209824
383,0.39921918621209
384,0.3986130912481933
385,0.3980100715461635
386,0.3974101115024471
387,0.3968131955926605
388,0.3962193083711892
389,0.3956284344707887
390,0.3950405586021861
391,0.3944556655536839
392,0.3938737401907686
393,0.3932947674557164
394,0.3927187323672051
395,0.3921456200199264
396,0.3915754155841997
397,0.3910081043055889
398,0.3904436715045201
399,0.3898821025759022
400,0.3893233829887487
401,0.3887674982858015
402,0.3882144340831578
403,0.3876641760698967
404,0.3871167100077091
405,0.3865720217305303
406,0.3860300971441725
407,0.3854909222259601
408,0.3849544830243669
409,0.3844207656586561
410,0.3838897563185194
411,0.3833614412637209
412,0.3828358068237412
413,0.3823128393974239
414,0.381792525452623
415,0.3812748515258534
416,0.3807598042219423
417,0.3802473702136827
418,0.3797375362414883
419,0.3792302891130504
420,0.378725615702997
421,0.3782235029525525
422,0.3777239378692006
423,0.3772269075263474
424,0.3767323990629869
425,0.3762403996833691
426,0.3757508966566677
427,0.3752638773166517
428,0.3747793290613571
429,0.3742972393527603
430,0.3738175957164556
431,0.37334038574133
432,0.3728655970792438
433,0.37239321744471
434,0.3719232346145772
435,0.371455636427713
436,0.370990410784689
437,0.3705275456474682
438,0.3700670290390936
439,0.3696088490433774
440,0.3691529938045938
441,0.3686994515271714
442,0.3682482104753886
443,0.3677992589730693
444,0.3673525854032813
445,0.3669081782080353
446,0.3664660258879862
447,0.3660261170021352
448,0.3655884401675341
449,0.3651529840589902
450,0.3647197374087742
451,0.3642886890063277
452,0.3638598276979735
453,0.3634331423866272
454,0.3630086220315094
455,0.362586255647861
456,0.3621660323066581
457,0.3617479411343294
458,0.3613319713124752
459,0.3609181120775871
460,0.3605063527207697
461,0.3600966825874634
462,0.3596890910771683
463,0.3592835676431709
464,0.3588801017922705
465,0.3584786830845074
466,0.3580793011328937
467,0.3576819456031434
468,0.3572866062134062
469,0.3568932727340001
470,0.3565019349871482
471,0.356112582846714
472,0.3557252062379401
473,0.3553397951371875
474,0.3549563395716759
475,0.3545748296192259
476,0.3541952554080025
477,0.3538176071162587
478,0.3534418749720825
479,0.3530680492531433
480,0.3526961202864408
481,0.3523260784480545
482,0.3519579141628942
483,0.3515916179044534
484,0.3512271801945615
485,0.3508645916031393
486,0.350503842747955
487,0.350144924294381
488,0.3497878269551529
489,0.3494325414901288
490,0.3490790587060498
491,0.3487273694563036
492,0.3483774646406861
493,0.348029335205167
494,0.347682972141655
495,0.3473383664877649
496,0.346995509326586
497,0.3466543917864509
498,0.3463150050407057
499,0.3459773403074827
500,0.345641388849472
501,0.3453071419736959
502,0.3449745910312846
503,0.3446437274172505
504,0.3443145425702681
505,0.3439870279724502
506,0.3436611751491292
507,0.3433369756686366
508,0.3430144211420852
509,0.3426935032231527
510,0.3423742136078645
511,0.34205654403438
512,0.3417404862827779
513,0.3414260321748442
514,0.3411131735738604
515,0.3408019023843925
516,0.3404922105520817
517,0.3401840900634371
518,0.3398775329456266
519,0.3395725312662715
520,0.3392690771332412
521,0.3389671626944493
522,0.3386667801376495
523,0.3383679216902344
524,0.3380705796190339
525,0.3377747462301151
526,0.3374804138685833
527,0.337187574918384
528,0.3368962218021058
529,0.3366063469807845
530,0.336317942953707
531,0.3360310022582187
532,0.33574551746953
533,0.3354614812005232
534,0.3351788861015623
535,0.3348977248603026
536,0.3346179902015014
537,0.3343396748868303
538,0.3340627717146865
539,0.3337872735200083
540,0.3335131731740881
541,0.333240463584389
542,0.3329691376943607
543,0.332699188483257
544,0.3324306089659546
545,0.3321633921927716
546,0.3318975312492881
547,0.3316330192561676
548,0.331369849368978
549,0.3311080147780158
550,0.3308475087081287
551,0.330588324418541
552,0.3303304552026791
553,0.3300738943879977
554,0.3298186353358074
555,0.3295646714411026
556,0.3293119961323909
557,0.3290606028715232
558,0.3288104851535239
559,0.3285616365064232
560,0.3283140504910893
561,0.328067720701062
562,0.3278226407623865
563,0.3275788043334491
564,0.3273362051048127
565,0.3270948367990534
566,0.3268546931705987
567,0.326615768005565
568,0.3263780551215977
569,0.3261415483677105
570,0.3259062416241268
571,0.325672128802121
572,0.3254392038438609
573,0.3252074607222514
574,0.324976893440778
575,0.324747496033352
576,0.3245192625641562
577,0.3242921871274904
578,0.3240662638476202
579,0.3238414868786235
580,0.3236178504042398
581,0.32339534863772
582,0.3231739758216763
583,0.3229537262279327
584,0.3227345941573784
585,0.3225165739398181
586,0.3222996599338276
587,0.3220838465266058
588,0.3218691281338311
589,0.3216554991995155
590,0.3214429541958617
591,0.3212314876231202
592,0.3210210940094463
593,0.3208117679107589
594,0.3206035039105997
595,0.3203962966199929
596,0.3201901406773057
597,0.3199850307481096
598,0.3197809615250429
599,0.3195779277276725
600,0.3193759241023574
601,0.3191749454221137
602,0.3189749864864782
603,0.3187760421213742
604,0.3185781071789783
605,0.3183811765375858
606,0.3181852451014798
607,0.3179903078007978
608,0.317796359591402
609,0.3176033954547473
610,0.3174114103977525
611,0.3172203994526709
612,0.3170303576769616
613,0.3168412801531612
614,0.3166531619887574
615,0.3164659983160622
616,0.3162797842920849
617,0.3160945150984086
618,0.3159101859410639
619,0.3157267920504057
620,0.3155443286809895
621,0.3153627911114487
622,0.3151821746443726
623,0.3150024746061846
624,0.3148236863470211
625,0.3146458052406116
626,0.3144688266841589
627,0.3142927460982196
628,0.3141175589265863
629,0.3139432606361688
630,0.3137698467168782
631,0.3135973126815082
632,0.313425654065621
633,0.3132548664274303
634,0.3130849453476875
635,0.3129158864295664
636,0.3127476852985498
637,0.3125803376023166
638,0.3124138390106288
639,0.3122481852152196
640,0.3120833719296819
641,0.311919394889357
642,0.3117562498512253
643,0.3115939325937955
644,0.3114324389169955
645,0.3112717646420644
646,0.3111119056114433
647,0.3109528576886688
648,0.3107946167582654
649,0.3106371787256388
650,0.3104805395169705
651,0.3103246950791121
652,0.3101696413794804
653,0.3100153744059531
654,0.3098618901667649
655,0.3097091846904045
656,0.3095572540255114
657,0.3094060942407744
658,0.3092557014248284
659,0.3091060716861551
660,0.3089572011529808
661,0.3088090859731769
662,0.3086617223141603
663,0.3085151063627937
664,0.3083692343252876
665,0.3082241024271015
666,0.3080797069128466
667,0.3079360440461884
668,0.3077931101097507
669,0.3076509014050182
670,0.307509414252242
671,0.3073686449903434
672,0.3072285899768201
673,0.307089245587651
674,0.3069506082172035
675,0.3068126742781389
676,0.3066754402013208
677,0.306538902435722
678,0.3064030574483328
679,0.3062679017240698
680,0.3061334317656846
681,0.3059996440936735
682,0.3058665352461875
683,0.3057341017789426
684,0.3056023402651308
685,0.3054712472953313
686,0.3053408194774223
687,0.3052110534364933
688,0.3050819458147578
689,0.3049534932714664
690,0.30482569248282
691,0.3046985401418847
692,0.3045720329585049
693,0.3044461676592195
694,0.3043209409871763
695,0.304196349702048
696,0.3040723905799485
697,0.3039490604133493
698,0.3038263560109969
699,0.3037042741978291
700,0.3035828118148942
701,0.3034619657192689
702,0.303341732783976
703,0.3032221098979051
704,0.3031030939657308
705,0.3029846819078327
706,0.3028668706602168
707,0.3027496571744352
708,0.3026330384175073
709,0.3025170113718417
710,0.302401573035158
711,0.3022867204204088
712,0.3021724505557031
713,0.3020587604842284
714,0.3019456472641753
715,0.3018331079686604
716,0.3017211396856512
717,0.3016097395178906
718,0.3014989045828219
719,0.3013886320125137
720,0.3012789189535869
721,0.3011697625671397
722,0.3010611600286749
723,0.300953108528026
724,0.3008456052692856
725,0.3007386474707318
726,0.3006322323647573
727,0.3005263571977973
728,0.3004210192302583
729,0.300316215736447
730,0.3002119440045003
731,0.3001082013363144
732,0.3000049850474759
733,0.2999022924671914
734,0.2998001209382188
735,0.299698467816799
736,0.2995973304725868
737,0.299496706288583
738,0.2993965926610669
739,0.2992969869995289
740,0.299197886726603
741,0.2990992892780007
742,0.299001192102445
743,0.2989035926616027
744,0.2988064884300205
745,0.298709876895059
746,0.2986137555568277
747,0.2985181219281197
748,0.2984229735343488
749,0.2983283079134839
750,0.2982341226159864
751,0.2981404152047462
752,0.2980471832550187
753,0.2979544243543626
754,0.2978621361025768
755,0.2977703161116385
756,0.2976789620056417
757,0.2975880714207353
758,0.2974976420050623
759,0.2974076714186986
760,0.297318157333593
761,0.2972290974335056
762,0.2971404894139505
763,0.297052330982133
764,0.2969646198568925
765,0.2968773537686426
766,0.2967905304593126
767,0.296704147682289
768,0.2966182032023574
769,0.2965326947956447
770,0.2964476202495613
771,0.2963629773627443
772,0.2962787639450001
773,0.2961949778172479
774,0.2961116168114633
775,0.2960286787706225
776,0.2959461615486459
777,0.2958640630103432
778,0.2957823810313573
779,0.2957011134981105
780,0.2956202583077487
781,0.2955398133680878
782,0.2954597765975587
783,0.2953801459251548
784,0.2953009192903767
785,0.2952220946431803
786,0.295143669943923
787,0.2950656431633111
788,0.2949880122823476
789,0.2949107752922793
790,0.2948339301945455
791,0.2947574750007257
792,0.2946814077324888
793,0.2946057264215412
794,0.2945304291095764
795,0.294455513848224
796,0.2943809786989997
797,0.2943068217332546
798,0.2942330410321256
799,0.2941596346864858
800,0.294086600796895
801,0.2940139374735504
802,0.2939416428362382
803,0.2938697150142843
804,0.2937981521465061
805,0.293726952381165
806,0.2936561138759172
807,0.2935856347977673
808,0.2935155133230202
809,0.2934457476372339
810,0.2933763359351727
811,0.2933072764207607
812,0.2932385673070348
813,0.2931702068160991
814,0.2931021931790782
815,0.2930345246360718
816,0.2929671994361098
817,0.2929002158371053
818,0.2928335721058115
819,0.2927672665177752
820,0.2927012973572935
821,0.2926356629173681
822,0.2925703614996626
823,0.2925053914144575
824,0.2924407509806062
825,0.2923764385254928
826,0.292312452384988
827,0.2922487909034055
828,0.2921854524334605
829,0.2921224353362259
830,0.2920597379810906
831,0.2919973587457169
832,0.2919352960159986
833,0.2918735481860197
834,0.2918121136580119
835,0.2917509908423142
836,0.2916901781573311
837,0.2916296740294924
838,0.2915694768932113
839,0.2915095851908453
840,0.2914499973726549
841,0.2913907118967639
842,0.2913317272291194
843,0.291273041843452
844,0.2912146542212367
845,0.2911565628516529
846,0.2910987662315465
847,0.2910412628653893
848,0.2909840512652421
849,0.2909271299507145
850,0.2908704974489283
851,0.290814152294478
852,0.2907580930293936
853,0.2907023182031027
854,0.2906468263723925
855,0.2905916161013738
856,0.2905366859614422
857,0.2904820345312421
858,0.2904276603966297
859,0.2903735621506368
860,0.2903197383934332
861,0.2902661877322922
862,0.2902129087815529
863,0.2901599001625855
864,0.2901071605037552
865,0.2900546884403865
866,0.2900024826147284
867,0.2899505416759187
868,0.2898988642799497
869,0.2898474490896329
870,0.2897962947745641
871,0.2897454000110902
872,0.2896947634822737
873,0.2896443838778591
874,0.2895942598942393
875,0.2895443902344214
876,0.2894947736079929
877,0.2894454087310896
878,0.2893962943263605
879,0.2893474291229367
880,0.2892988118563966
881,0.289250441268735
882,0.289202316108329
883,0.289154435129907
884,0.2891067970945151
885,0.2890594007694861
886,0.2890122449284071
887,0.2889653283510879
888,0.2889186498235296
889,0.2888722081378926
890,0.2888260020924662
891,0.2887800304916366
892,0.2887342921458569
893,0.2886887858716157
894,0.2886435104914061
895,0.2885984648336966
896,0.2885536477328992
897,0.2885090580293402
898,0.2884646945692303
899,0.2884205562046339
900,0.2883766417934402
901,0.2883329501993334
902,0.2882894802917629
903,0.2882462309459146
904,0.2882032010426819
905,0.2881603894686359
906,0.2881177951159973
907,0.2880754168826077
908,0.2880332536719009
909,0.2879913043928745
910,0.2879495679600617
911,0.2879080432935032
912,0.2878667293187195
913,0.2878256249666828
914,0.2877847291737891
915,0.2877440408818318
916,0.2877035590379728
917,0.2876632825947162
918,0.2876232105098811
919,0.2875833417465744
920,0.2875436752731642
921,0.2875042100632529
922,0.2874649450956506
923,0.2874258793543492
924,0.2873870118284954
925,0.2873483415123646
926,0.2873098674053362
927,0.2872715885118653
928,0.2872335038414591
929,0.2871956124086503
930,0.2871579132329719
931,0.2871204053389312
932,0.2870830877559857
933,0.2870459595185166
934,0.2870090196658052
935,0.286972267242007
936,0.2869357012961278
937,0.2868993208819978
938,0.2868631250582489
939,0.2868271128882888
940,0.2867912834402777
941,0.2867556357871036
942,0.2867201690063587
943,0.2866848821803153
944,0.2866497743959025
945,0.2866148447446818
946,0.2865800923228243
947,0.2865455162310866
948,0.2865111155747886
949,0.2864768894637894
950,0.2864428370124643
951,0.2864089573396827
952,0.2863752495687845
953,0.2863417128275576
954,0.2863083462482157
955,0.2862751489673749
956,0.286242120126033
957,0.2862092588695453
958,0.2861765643476043
959,0.2861440357142163
960,0.2861116721276806
961,0.2860794727505664
962,0.2860474367496928
963,0.2860155632961058
964,0.285983851565058
965,0.2859523007359859
966,0.2859209099924898
967,0.2858896785223127
968,0.2858586055173186
969,0.2858276901734717
970,0.2857969316908159
971,0.2857663292734544
972,0.2857358821295281
973,0.285705589471196
974,0.2856754505146147
975,0.2856454644799175
976,0.285615630591195
977,0.2855859480764747
978,0.2855564161677007
979,0.2855270341007145
980,0.2854978011152347
981,0.2854687164548372
982,0.2854397793669365
983,0.285410989102765
984,0.2853823449173549
985,0.285353846069518
986,0.2853254918218265
987,0.2852972814405948
988,0.2852692141958593
989,0.2852412893613612
990,0.2852135062145253
991,0.2851858640364439
992,0.2851583621118559
993,0.2851309997291303
994,0.2851037761802463
995,0.2850766907607754
996,0.2850497427698639
997,0.2850229315102137
998,0.2849962562880646
999,0.2849697164131769
1000,0.2849433111988128
1001,0.2849170399617192
1002,0.2848909020221091
1003,0.2848648967036458
1004,0.284839023333423
1005,0.2848132812419495
1006,0.2847876697631309
1007,0.2847621882342521
1008,0.2847368359959613
1009,0.2847116123922512
1010,0.2846865167704437
1011,0.2846615484811721
1012,0.2846367068783648
1013,0.2846119913192277
1014,0.2845874011642287
1015,0.2845629357770804
1016,0.2845385945247239
1017,0.2845143767773124
1018,0.2844902819081948
1019,0.2844663092938997
1020,0.2844424583141192
1021,0.284418728351692
1022,0.2843951187925892
1023,0.2843716290258973
1024,0.2843482584438018
1025,0.284325006441573
1026,0.2843018724175489
1027,0.2842788557731208
1028,0.284255955912717
1029,0.2842331722437873
1030,0.2842105041767887
1031,0.2841879511251693
1032,0.284165512505353
1033,0.284143187736725
1034,0.2841209762416166
1035,0.2840988774452897
1036,0.2840768907759225
1037,0.2840550156645947
1038,0.2840332515452726
1039,0.2840115978547947
1040,0.2839900540328564
1041,0.2839686195219966
1042,0.2839472937675821
1043,0.2839260762177943
1044,0.2839049663236145
1045,0.2838839635388092
1046,0.2838630673199173
1047,0.2838422771262339
1048,0.2838215924197989
1049,0.2838010126653807
1050,0.283780537330464
1051,0.2837601658852351
1052,0.2837398978025693
1053,0.2837197325580152
1054,0.2836996696297833
1055,0.2836797084987314
1056,0.2836598486483514
1057,0.2836400895647558
1058,0.2836204307366646
1059,0.2836008716553919
1060,0.2835814118148331
1061,0.2835620507114508
1062,0.2835427878442635
1063,0.2835236227148307
1064,0.2835045548272419
1065,0.2834855836881016
1066,0.2834667088065188
1067,0.2834479296940928
1068,0.2834292458649008
1069,0.2834106568354859
1070,0.283392162124844
1071,0.2833737612544117
1072,0.2833554537480533
1073,0.2833372391320497
1074,0.2833191169350851
1075,0.2833010866882348
1076,0.2832831479249536
1077,0.283265300181064
1078,0.2832475429947428
1079,0.2832298759065103
1080,0.2832122984592187
1081,0.2831948101980391
1082,0.2831774106704509
1083,0.2831600994262287
1084,0.2831428760174323
1085,0.2831257399983942
1086,0.2831086909257077
1087,0.2830917283582162
1088,0.2830748518570019
1089,0.283058060985373
1090,0.2830413553088544
1091,0.2830247343951748
1092,0.283008197814257
1093,0.282991745138205
1094,0.2829753759412945
1095,0.2829590897999614
1096,0.2829428862927901
1097,0.2829267650005038
1098,0.2829107255059527
1099,0.2828947673941038
1100,0.2828788902520298
1101,0.2828630936688988
1102,0.2828473772359632
1103,0.2828317405465492
1104,0.2828161831960467
1105,0.2828007047818983
1106,0.2827853049035896
1107,0.2827699831626377
1108,0.2827547391625819
1109,0.2827395725089733
1110,0.2827244828093642
1111,0.2827094696732978
1112,0.2826945327122992
1113,0.282679671539864
1114,0.2826648857714489
1115,0.2826501750244621
1116,0.2826355389182524
1117,0.2826209770741008
1118,0.2826064891152091
1119,0.2825920746666917
1120,0.2825777333555642
1121,0.2825634648107355
1122,0.2825492686629974
1123,0.2825351445450139
1124,0.2825210920913144
1125,0.2825071109382817
1126,0.2824932007241434
1127,0.2824793610889634
1128,0.2824655916746313
1129,0.2824518921248541
1130,0.2824382620851462
1131,0.2824247012028209
1132,0.2824112091269813
1133,0.2823977855085102
1134,0.2823844300000622
1135,0.2823711422560541
1136,0.2823579219326567
1137,0.2823447686877845
1138,0.2823316821810883
1139,0.2823186620739458
1140,0.2823057080294525
1141,0.2822928197124135
1142,0.2822799967893345
1143,0.2822672389284138
1144,0.2822545457995326
1145,0.2822419170742476
1146,0.2822293524257814
1147,0.2822168515290154
1148,0.2822044140604798
1149,0.2821920396983468
1150,0.2821797281224209
1151,0.2821674790141316
1152,0.2821552920565248
1153,0.2821431669342545
1154,0.2821311033335747
1155,0.2821191009423311
1156,0.2821071594499539
1157,0.2820952785474482
1158,0.2820834579273879
1159,0.2820716972839059
1160,0.2820599963126876
1161,0.282048354710962
1162,0.2820367721774947
1163,0.2820252484125794
1164,0.282013783118031
1165,0.2820023759971769
1166,0.2819910267548498
1167,0.2819797350973801
1168,0.2819685007325886
1169,0.281957323369778
1170,0.2819462027197265
1171,0.2819351384946797
1172,0.2819241304083425
1173,0.2819131781758735
1174,0.281902281513876
1175,0.2818914401403911
1176,0.2818806537748909
1177,0.2818699221382704
1178,0.2818592449528416
1179,0.2818486219423245
1180,0.2818380528318413
1181,0.2818275373479089
1182,0.2818170752184323
1183,0.2818066661726961
1184,0.2817963099413592
1185,0.2817860062564467
1186,0.2817757548513442
1187,0.2817655554607887
1188,0.2817554078208642
1189,0.2817453116689937
1190,0.281735266743932
1191,0.2817252727857596
1192,0.2817153295358761
1193,0.2817054367369931
1194,0.2816955941331269
1195,0.2816858014695939
1196,0.281676058493002
1197,0.2816663649512449
1198,0.2816567205934952
1199,0.2816471251701989
1200,0.2816375784330674
1201,0.2816280801350723
1202,0.2816186300304388
1203,0.2816092278746384
1204,0.2815998734243843
1205,0.281590566437623
1206,0.2815813066735303
1207,0.2815720938925032
1208,0.2815629278561543
1209,0.2815538083273065
1210,0.2815447350699852
1211,0.2815357078494139
1212,0.2815267264320068
1213,0.2815177905853634
1214,0.281508900078263
1215,0.2815000546806569
1216,0.2814912541636645
1217,0.2814824982995663
1218,0.2814737868617984
1219,0.2814651196249461
1220,0.2814564963647386
1221,0.2814479168580432
1222,0.281439380882859
1223,0.2814308882183119
1224,0.2814224386446483
1225,0.2814140319432294
1226,0.2814056678965261
1227,0.281397346288113
1228,0.2813890669026624
1229,0.2813808295259397
1230,0.2813726339447968
1231,0.2813644799471676
1232,0.2813563673220615
1233,0.2813482958595591
1234,0.2813402653508053
1235,0.2813322755880051
1236,0.2813243263644181
1237,0.2813164174743523
1238,0.2813085487131598
1239,0.2813007198772313
1240,0.2812929307639895
1241,0.2812851811718863
1242,0.2812774709003952
1243,0.2812697997500078
1244,0.2812621675222277
1245,0.2812545740195657
1246,0.2812470190455346
1247,0.2812395024046444
1248,0.2812320239023964
1249,0.2812245833452794
1250,0.2812171805407642
1251,0.2812098152972972
1252,0.281202487424298
1253,0.2811951967321533
1254,0.2811879430322106
1255,0.2811807261367759
1256,0.2811735458591065
1257,0.2811664020134083
1258,0.2811592944148291
1259,0.2811522228794547
1260,0.2811451872243044
1261,0.2811381872673256
1262,0.2811312228273896
1263,0.2811242937242865
1264,0.2811173997787214
1265,0.2811105408123081
1266,0.2811037166475665
1267,0.2810969271079164
1268,0.2810901720176738
1269,0.2810834512020459
1270,0.2810767644871273
1271,0.2810701116998942
1272,0.2810634926682011
1273,0.2810569072207763
1274,0.2810503551872167
1275,0.2810438363979835
1276,0.2810373506843987
1277,0.2810308978786402
1278,0.2810244778137368
1279,0.2810180903235651
1280,0.2810117352428442
1281,0.2810054124071321
1282,0.280999121652821
1283,0.280992862817133
1284,0.2809866357381168
1285,0.280980440254642
1286,0.2809742762063966
1287,0.2809681434338812
1288,0.2809620417784061
1289,0.280955971082087
1290,0.28094993118784
1291,0.2809439219393789
1292,0.2809379431812101
1293,0.2809319947586292
1294,0.2809260765177164
1295,0.2809201883053337
1296,0.2809143299691185
1297,0.2809085013574832
1298,0.280902702319608
1299,0.2808969327054387
1300,0.2808911923656829
1301,0.2808854811518048
1302,0.2808797989160232
1303,0.2808741455113061
1304,0.2808685207913678
1305,0.2808629246106646
1306,0.2808573568243917
1307,0.2808518172884786
1308,0.2808463058595858
1309,0.2808408223951016
1310,0.2808353667531372
1311,0.2808299387925243
1312,0.2808245383728106
1313,0.2808191653542563
1314,0.2808138195978312
1315,0.2808085009652097
1316,0.280803209318769
1317,0.2807979445215834
1318,0.280792706437423
1319,0.2807874949307489
1320,0.2807823098667094
1321,0.2807771511111375
1322,0.280772018530547
1323,0.2807669119921283
1324,0.2807618313637467
1325,0.2807567765139372
1326,0.2807517473119019
1327,0.2807467436275068
1328,0.2807417653312783
1329,0.2807368122943993
1330,0.2807318843887066
1331,0.2807269814866872
1332,0.2807221034614751
1333,0.2807172501868478
1334,0.280712421537224
1335,0.2807076173876586
1336,0.2807028376138407
1337,0.2806980820920908
1338,0.2806933506993561
1339,0.2806886433132088
1340,0.280683959811842
1341,0.2806793000740666
1342,0.280674663979309
1343,0.2806700514076065
1344,0.280665462239606
1345,0.2806608963565597
1346,0.2806563536403218
1347,0.2806518339733466
1348,0.2806473372386846
1349,0.2806428633199796
1350,0.2806384121014657
1351,0.2806339834679648
1352,0.2806295773048827
1353,0.2806251934982071
1354,0.2806208319345037
1355,0.2806164925009142
1356,0.2806121750851526
1357,0.2806078795755028
1358,0.2806036058608156
1359,0.2805993538305056
1360,0.2805951233745485
1361,0.2805909143834783
1362,0.2805867267483846
1363,0.2805825603609092
1364,0.2805784151132441
1365,0.280574290898128
1366,0.2805701876088443
1367,0.280566105139217
1368,0.2805620433836098
1369,0.2805580022369217
1370,0.2805539815945853
1371,0.2805499813525638
1372,0.280546001407348
1373,0.280542041655954
1374,0.2805381019959207
1375,0.2805341823253065
1376,0.2805302825426874
1377,0.2805264025471534
1378,0.2805225422383073
1379,0.2805187015162608
1380,0.2805148802816324
1381,0.2805110784355452
1382,0.2805072958796238
1383,0.2805035325159916
1384,0.2804997882472697
1385,0.2804960629765716
1386,0.2804923566075039
1387,0.2804886690441616
1388,0.2804850001911265
1389,0.2804813499534644
1390,0.2804777182367229
1391,0.2804741049469288
1392,0.2804705099905855
1393,0.2804669332746714
1394,0.2804633747066362
1395,0.2804598341943996
1396,0.2804563116463483
1397,0.2804528069713341
1398,0.280449320078671
1399,0.2804458508781329
1400,0.2804423992799525
1401,0.2804389651948165
1402,0.2804355485338662
1403,0.280432149208693
1404,0.2804287671313367
1405,0.280425402214284
1406,0.2804220543704652
1407,0.2804187235132524
1408,0.2804154095564578
1409,0.2804121124143299
1410,0.2804088320015531
1411,0.2804055682332446
1412,0.2804023210249519
1413,0.2803990902926514
1414,0.2803958759527454
1415,0.2803926779220609
1416,0.2803894961178464
1417,0.2803863304577705
1418,0.2803831808599199
1419,0.2803800472427962
1420,0.2803769295253151
1421,0.2803738276268033
1422,0.2803707414669971
1423,0.28036767096604
1424,0.2803646160444807
1425,0.2803615766232709
1426,0.2803585526237635
1427,0.2803555439677102
1428,0.2803525505772603
1429,0.2803495723749575
1430,0.2803466092837388
1431,0.2803436612269321
1432,0.2803407281282545
1433,0.28033780991181
1434,0.2803349065020877
1435,0.2803320178239598
1436,0.2803291438026798
1437,0.2803262843638804
1438,0.2803234394335715
1439,0.2803206089381389
1440,0.2803177928043412
1441,0.2803149909593093
1442,0.280312203330543
1443,0.280309429845911
1444,0.2803066704336472
1445,0.28030392502235
1446,0.2803011935409799
1447,0.2802984759188579
1448,0.2802957720856636
1449,0.2802930819714336
1450,0.2802904055065592
1451,0.2802877426217851
1452,0.2802850932482073
1453,0.2802824573172712
1454,0.2802798347607706
1455,0.2802772255108448
1456,0.2802746294999776
1457,0.2802720466609955
1458,0.2802694769270658
1459,0.2802669202316949
1460,0.2802643765087262
1461,0.2802618456923394
1462,0.2802593277170479
1463,0.2802568225176972
1464,0.2802543300294634
1465,0.2802518501878521
1466,0.280249382928695
1467,0.2802469281881508
1468,0.2802444859027007
1469,0.2802420560091491
1470,0.2802396384446212
1471,0.2802372331465604
1472,0.280234840052728
1473,0.2802324591012011
1474,0.2802300902303708
1475,0.2802277333789412
1476,0.2802253884859271
1477,0.2802230554906522
1478,0.2802207343327492
1479,0.2802184249521567
1480,0.2802161272891172
1481,0.2802138412841776
1482,0.2802115668781857
1483,0.2802093040122897
1484,0.2802070526279363
1485,0.2802048126668696
1486,0.2802025840711287
1487,0.2802003667830477
1488,0.280198160745252
1489,0.2801959659006595
1490,0.2801937821924765
1491,0.2801916095641984
1492,0.2801894479596069
1493,0.2801872973227689
1494,0.2801851575980352
1495,0.2801830287300389
1496,0.2801809106636941
1497,0.2801788033441943
1498,0.2801767067170112
1499,0.2801746207278931
1500,0.2801725453228637
