#Pareto aproximation (maximum likehood) vs Original set
#ParetoMl(x), ParetoMl(CDF) 
0,0
0.07212258636363636,0.7289724034393035
0.1442451727272727,0.7457261560682403
0.2163677590909091,0.7550421792128658
0.2884903454545454,0.7614442642435736
0.3606129318181818,0.7662946535010604
0.4327355181818182,0.7701844111703116
0.5048581045454545,0.773422602341165
0.5769806909090909,0.7761907470216922
0.6491032772727272,0.7786043387233307
0.7212258636363635,0.7807413062146203
0.79334845,0.7826566539351244
0.8654710363636363,0.7843906159051264
0.9375936227272726,0.7859734876700719
1.009716209090909,0.7874286361172652
1.081838795454545,0.7887744528190077
1.153961381818182,0.7900256660780842
1.226083968181818,0.7911942483739345
1.298206554545454,0.7922900599901631
1.370329140909091,0.7933213156478561
1.442451727272727,0.7942949294029564
1.514574313636364,0.7952167739579297
1.5866969,0.7960918786197106
1.658819486363636,0.7969245825024809
1.730942072727273,0.7977186545677649
1.803064659090909,0.7984773887409001
1.875187245454545,0.7992036800531073
1.947309831818182,0.7999000861673727
2.019432418181818,0.8005688775232339
2.091555004545454,0.8012120785311307
2.163677590909091,0.8018315016630713
2.235800177272727,0.8024287758572711
2.307922763636364,0.8030053703354909
2.38004535,0.803562614692217
2.452167936363636,0.8041017159330872
2.524290522727273,0.8046237730008154
2.596413109090909,0.8051297892194218
2.668535695454545,0.8056206830039305
2.740658281818181,0.8060972971170881
2.812780868181818,0.8065604067028327
2.884903454545454,0.8070107262850243
2.957026040909091,0.8074489158869627
3.029148627272727,0.807875586400655
3.101271213636363,0.8082913043133001
3.1733938,0.8086965958809343
3.245516386363636,0.8090919508248733
3.317638972727273,0.809477825614791
3.389761559090909,0.8098546463925563
3.461884145454545,0.8102228115828651
3.534006731818182,0.8105826942299844
3.606129318181818,0.8109346440942908
3.678251904545454,0.8112789895375621
3.750374490909091,0.8116160392219927
3.822497077272727,0.8119460836445347
3.894619663636363,0.8122693965253039
3.96674225,0.8125862360663507
4.038864836363636,0.8128968460950199
4.110987422727272,0.8132014571043318
4.183110009090909,0.8135002872012915
4.255232595454546,0.8137935429727066
4.327355181818182,0.8140814202769541
4.399477768181818,0.8143641049691505
4.471600354545454,0.8146417735663152
4.543722940909091,0.8149145938583763
4.615845527272727,0.8151827254702072
4.687968113636363,0.8154463203793211
4.7600907,0.8157055233933416
4.832213286363636,0.815960472590934
4.904335872727272,0.8162112997294932
4.976458459090908,0.816458130622542
5.048581045454545,0.8167010854894952
5.120703631818182,0.8169402792801734
5.192826218181818,0.8171758219762206
5.264948804545455,0.8174078188713614
5.337071390909091,0.817636370832253
5.409193977272727,0.8178615745415182
5.481316563636363,0.8180835227243946
5.55343915,0.8183023043603063
5.625561736363636,0.8185180048805412
5.697684322727272,0.8187307063531115
5.769806909090908,0.8189404876557813
5.841929495454545,0.8191474246381527
5.914052081818181,0.8193515902736315
5.986174668181818,0.8195530548020169
6.058297254545455,0.8197518858634005
6.130419840909091,0.8199481486239995
6.202542427272727,0.8201419058945003
6.274665013636363,0.8203332182414382
6.3467876,0.8205221440920981
6.418910186363636,0.8207087398333826
6.491032772727272,0.8208930599050577
6.563155359090909,0.8210751568877541
6.635277945454545,0.8212550815860741
6.707400531818181,0.8214328831071234
6.779523118181817,0.8216086089347707
6.851645704545454,0.821782304999906
6.923768290909091,0.8219540157469539
6.995890877272727,0.8221237841968805
7.068013463636364,0.822291652006909
7.14013605,0.822457659527151
