#Cauchy - Cost J(iterations) convergence
#iterations, J(iterations)
1,7.421521343051241e+20
2,7.418137834222075e+20
3,7.414776110543661e+20
4,7.411435957688597e+20
5,7.408117164583748e+20
6,7.404819523349187e+20
7,7.401542829238454e+20
8,7.398286880579937e+20
9,7.395051478719448e+20
10,7.391836427963964e+20
11,7.388641535526451e+20
12,7.385466611471833e+20
13,7.382311468664002e+20
14,7.379175922713914e+20
15,7.3760597919287e+20
16,7.372962897261798e+20
17,7.369885062264088e+20
18,7.36682611303598e+20
19,7.363785878180469e+20
20,7.360764188757125e+20
21,7.357760878236995e+20
22,7.354775782458397e+20
23,7.35180873958361e+20
24,7.348859590056389e+20
25,7.345928176560366e+20
26,7.34301434397825e+20
27,7.340117939351842e+20
28,7.337238811842842e+20
29,7.334376812694447e+20
30,7.331531795193676e+20
31,7.328703614634484e+20
32,7.325892128281568e+20
33,7.323097195334921e+20
34,7.320318676895059e+20
35,7.317556435928954e+20
36,7.314810337236626e+20
37,7.312080247418421e+20
38,7.309366034842883e+20
39,7.306667569615336e+20
40,7.30398472354699e+20
41,7.301317370124761e+20
42,7.298665384481582e+20
43,7.296028643367383e+20
44,7.293407025120591e+20
45,7.290800409640204e+20
46,7.288208678358423e+20
47,7.285631714213801e+20
48,7.283069401624939e+20
49,7.280521626464694e+20
50,7.277988276034875e+20
51,7.275469239041457e+20
52,7.272964405570263e+20
53,7.270473667063137e+20
54,7.267996916294572e+20
55,7.265534047348784e+20
56,7.263084955597267e+20
57,7.26064953767675e+20
58,7.258227691467604e+20
59,7.255819316072659e+20
60,7.25342431179645e+20
61,7.251042580124836e+20
62,7.248674023705051e+20
63,7.246318546326115e+20
64,7.24397605289963e+20
65,7.241646449440978e+20
66,7.23932964305082e+20
67,7.237025541897034e+20
68,7.234734055196913e+20
69,7.232455093199796e+20
70,7.230188567169967e+20
71,7.227934389369918e+20
72,7.22569247304392e+20
73,7.223462732401919e+20
74,7.221245082603739e+20
75,7.219039439743578e+20
76,7.216845720834834e+20
77,7.214663843795173e+20
78,7.212493727431932e+20
79,7.210335291427758e+20
80,7.208188456326566e+20
81,7.206053143519724e+20
82,7.203929275232527e+20
83,7.201816774510928e+20
84,7.199715565208505e+20
85,7.197625571973686e+20
86,7.195546720237236e+20
87,7.19347893619994e+20
88,7.191422146820559e+20
89,7.189376279803989e+20
90,7.187341263589656e+20
91,7.185317027340133e+20
92,7.183303500929961e+20
93,7.181300614934683e+20
94,7.179308300620093e+20
95,7.177326489931686e+20
96,7.175355115484296e+20
97,7.173394110551936e+20
98,7.171443409057825e+20
99,7.169502945564622e+20
100,7.167572655264799e+20
101,7.165652473971227e+20
102,7.163742338107943e+20
103,7.161842184701073e+20
104,7.15995195136991e+20
105,7.158071576318194e+20
106,7.15620099832552e+20
107,7.154340156738933e+20
108,7.152488991464658e+20
109,7.150647442959979e+20
110,7.148815452225308e+20
111,7.146992960796337e+20
112,7.145179910736385e+20
113,7.143376244628875e+20
114,7.14158190556992e+20
115,7.139796837161092e+20
116,7.138020983502272e+20
117,7.136254289184687e+20
118,7.134496699284008e+20
119,7.132748159353645e+20
120,7.131008615418094e+20
121,7.129278013966461e+20
122,7.12755630194607e+20
123,7.125843426756196e+20
124,7.124139336241917e+20
125,7.122443978688067e+20
126,7.120757302813299e+20
127,7.119079257764269e+20
128,7.11740979310989e+20
129,7.115748858835737e+20
130,7.114096405338502e+20
131,7.11245238342059e+20
132,7.110816744284779e+20
133,7.109189439528991e+20
134,7.107570421141158e+20
135,7.105959641494165e+20
136,7.104357053340896e+20
137,7.102762609809352e+20
138,7.101176264397873e+20
139,7.099597970970437e+20
140,7.098027683752021e+20
141,7.096465357324078e+20
142,7.094910946620064e+20
143,7.093364406921062e+20
144,7.091825693851466e+20
145,7.090294763374746e+20
146,7.088771571789296e+20
147,7.087256075724335e+20
148,7.085748232135891e+20
149,7.084247998302844e+20
150,7.082755331823057e+20
151,7.081270190609545e+20
152,7.079792532886726e+20
153,7.078322317186729e+20
154,7.076859502345784e+20
155,7.075404047500632e+20
156,7.073955912085041e+20
157,7.072515055826339e+20
158,7.071081438742041e+20
159,7.069655021136515e+20
160,7.0682357635977e+20
161,7.06682362699387e+20
162,7.065418572470503e+20
163,7.06402056144712e+20
164,7.062629555614245e+20
165,7.061245516930383e+20
166,7.059868407619058e+20
167,7.058498190165882e+20
168,7.057134827315699e+20
169,7.055778282069763e+20
170,7.054428517682931e+20
171,7.053085497660977e+20
172,7.051749185757852e+20
173,7.050419545973082e+20
174,7.049096542549129e+20
175,7.047780139968848e+20
176,7.046470302952966e+20
177,7.045166996457581e+20
178,7.043870185671739e+20
179,7.042579836015023e+20
180,7.041295913135175e+20
181,7.040018382905787e+20
182,7.03874721142399e+20
183,7.037482365008198e+20
184,7.036223810195892e+20
185,7.034971513741426e+20
186,7.033725442613873e+20
187,7.032485563994896e+20
188,7.031251845276664e+20
189,7.030024254059798e+20
190,7.028802758151333e+20
191,7.027587325562727e+20
192,7.026377924507891e+20
193,7.025174523401255e+20
194,7.023977090855854e+20
195,7.022785595681462e+20
196,7.021600006882711e+20
197,7.020420293657302e+20
198,7.019246425394175e+20
199,7.018078371671757e+20
200,7.016916102256203e+20
201,7.015759587099683e+20
202,7.014608796338687e+20
203,7.013463700292343e+20
204,7.012324269460777e+20
205,7.011190474523488e+20
206,7.01006228633775e+20
207,7.008939675937024e+20
208,7.007822614529408e+20
209,7.006711073496104e+20
210,7.005605024389898e+20
211,7.004504438933679e+20
212,7.003409289018952e+20
213,7.002319546704407e+20
214,7.001235184214467e+20
215,7.000156173937888e+20
216,6.999082488426374e+20
217,6.998014100393182e+20
218,6.996950982711788e+20
219,6.995893108414539e+20
220,6.994840450691335e+20
221,6.993792982888334e+20
222,6.992750678506656e+20
223,6.991713511201133e+20
224,6.990681454779045e+20
225,6.989654483198885e+20
226,6.988632570569148e+20
227,6.987615691147135e+20
228,6.986603819337739e+20
229,6.985596929692311e+20
230,6.98459499690747e+20
231,6.983597995823982e+20
232,6.982605901425621e+20
233,6.981618688838064e+20
234,6.980636333327786e+20
235,6.979658810300974e+20
236,6.978686095302458e+20
237,6.97771816401465e+20
238,6.976754992256496e+20
239,6.975796555982448e+20
240,6.974842831281437e+20
241,6.973893794375869e+20
242,6.972949421620628e+20
243,6.972009689502089e+20
244,6.971074574637147e+20
245,6.970144053772258e+20
246,6.969218103782486e+20
247,6.968296701670564e+20
248,6.967379824565968e+20
249,6.966467449724004e+20
250,6.965559554524887e+20
251,6.964656116472868e+20
252,6.963757113195326e+20
253,6.962862522441905e+20
254,6.961972322083644e+20
255,6.961086490112123e+20
256,6.960205004638616e+20
257,6.959327843893248e+20
258,6.958454986224181e+20
259,6.95758641009678e+20
260,6.956722094092808e+20
261,6.955862016909634e+20
262,6.955006157359432e+20
263,6.954154494368395e+20
264,6.953307006975969e+20
265,6.952463674334071e+20
266,6.951624475706355e+20
267,6.95078939046743e+20
268,6.949958398102146e+20
269,6.949131478204834e+20
270,6.948308610478598e+20
271,6.947489774734584e+20
272,6.946674950891269e+20
273,6.945864118973759e+20
274,6.945057259113082e+20
275,6.944254351545511e+20
276,6.943455376611866e+20
277,6.942660314756841e+20
278,6.941869146528344e+20
279,6.941081852576807e+20
280,6.940298413654561e+20
281,6.939518810615154e+20
282,6.93874302441273e+20
283,6.937971036101381e+20
284,6.937202826834507e+20
285,6.936438377864207e+20
286,6.935677670540638e+20
287,6.934920686311418e+20
288,6.934167406721009e+20
289,6.933417813410116e+20
290,6.932671888115086e+20
291,6.931929612667322e+20
292,6.931190968992686e+20
293,6.93045593911094e+20
294,6.92972450513514e+20
295,6.928996649271088e+20
296,6.928272353816754e+20
297,6.927551601161732e+20
298,6.926834373786665e+20
299,6.926120654262703e+20
300,6.925410425250961e+20
301,6.92470366950197e+20
302,6.924000369855157e+20
303,6.923300509238286e+20
304,6.92260407066696e+20
305,6.921911037244083e+20
306,6.921221392159344e+20
307,6.920535118688703e+20
308,6.919852200193891e+20
309,6.919172620121892e+20
310,6.918496362004452e+20
311,6.917823409457579e+20
312,6.91715374618105e+20
313,6.916487355957923e+20
314,6.915824222654059e+20
315,6.915164330217629e+20
316,6.914507662678652e+20
317,6.913854204148516e+20
318,6.913203938819505e+20
319,6.912556850964339e+20
320,6.911912924935714e+20
321,6.911272145165847e+20
322,6.910634496166005e+20
323,6.909999962526084e+20
324,6.909368528914135e+20
325,6.908740180075931e+20
326,6.908114900834534e+20
327,6.907492676089851e+20
328,6.906873490818197e+20
329,6.906257330071872e+20
330,6.905644178978735e+20
331,6.905034022741775e+20
332,6.904426846638696e+20
333,6.9038226360215e+20
334,6.903221376316062e+20
335,6.90262305302174e+20
336,6.902027651710947e+20
337,6.901435158028757e+20
338,6.900845557692504e+20
339,6.900258836491377e+20
340,6.899674980286029e+20
341,6.899093975008177e+20
342,6.898515806660222e+20
343,6.89794046131485e+20
344,6.897367925114663e+20
345,6.896798184271778e+20
346,6.89623122506746e+20
347,6.895667033851746e+20
348,6.895105597043063e+20
349,6.89454690112786e+20
350,6.893990932660249e+20
351,6.89343767826162e+20
352,6.892887124620294e+20
353,6.892339258491149e+20
354,6.891794066695275e+20
355,6.891251536119607e+20
356,6.890711653716572e+20
357,6.890174406503747e+20
358,6.889639781563493e+20
359,6.889107766042629e+20
360,6.888578347152066e+20
361,6.888051512166487e+20
362,6.887527248423989e+20
363,6.887005543325752e+20
364,6.886486384335705e+20
365,6.885969758980196e+20
366,6.885455654847652e+20
367,6.884944059588257e+20
368,6.884434960913621e+20
369,6.883928346596467e+20
370,6.883424204470283e+20
371,6.882922522429032e+20
372,6.882423288426817e+20
373,6.881926490477561e+20
374,6.881432116654712e+20
375,6.8809401550909e+20
376,6.880450593977657e+20
377,6.879963421565096e+20
378,6.879478626161598e+20
379,6.878996196133523e+20
380,6.878516119904892e+20
381,6.87803838595709e+20
382,6.877562982828582e+20
383,6.877089899114593e+20
384,6.876619123466831e+20
385,6.876150644593181e+20
386,6.875684451257424e+20
387,6.875220532278936e+20
388,6.874758876532415e+20
389,6.874299472947579e+20
390,6.873842310508891e+20
391,6.873387378255275e+20
392,6.872934665279832e+20
393,6.872484160729559e+20
394,6.872035853805085e+20
395,6.871589733760369e+20
396,6.871145789902456e+20
397,6.870704011591183e+20
398,6.870264388238912e+20
399,6.86982690931026e+20
400,6.869391564321847e+20
401,6.868958342842003e+20
402,6.86852723449052e+20
403,6.868098228938384e+20
404,6.867671315907521e+20
405,6.867246485170517e+20
406,6.866823726550387e+20
407,6.866403029920295e+20
408,6.865984385203306e+20
409,6.865567782372137e+20
410,6.86515321144889e+20
411,6.864740662504826e+20
412,6.864330125660081e+20
413,6.863921591083451e+20
414,6.863515048992117e+20
415,6.863110489651421e+20
416,6.862707903374614e+20
417,6.862307280522599e+20
418,6.861908611503721e+20
419,6.861511886773492e+20
420,6.861117096834378e+20
421,6.860724232235549e+20
422,6.860333283572645e+20
423,6.85994424148755e+20
424,6.859557096668137e+20
425,6.859171839848061e+20
426,6.858788461806516e+20
427,6.858406953368001e+20
428,6.858027305402103e+20
429,6.857649508823258e+20
430,6.857273554590536e+20
431,6.856899433707407e+20
432,6.856527137221526e+20
433,6.856156656224512e+20
434,6.855787981851709e+20
435,6.855421105281995e+20
436,6.855056017737537e+20
437,6.854692710483592e+20
438,6.854331174828279e+20
439,6.853971402122376e+20
440,6.853613383759091e+20
441,6.853257111173868e+20
442,6.852902575844154e+20
443,6.852549769289212e+20
444,6.852198683069891e+20
445,6.851849308788433e+20
446,6.851501638088256e+20
447,6.851155662653759e+20
448,6.850811374210106e+20
449,6.850468764523026e+20
450,6.850127825398617e+20
451,6.849788548683132e+20
452,6.849450926262798e+20
453,6.849114950063595e+20
454,6.848780612051071e+20
455,6.848447904230145e+20
456,6.848116818644903e+20
457,6.847787347378409e+20
458,6.847459482552507e+20
459,6.847133216327641e+20
460,6.846808540902641e+20
461,6.846485448514551e+20
462,6.84616393143843e+20
463,6.845843981987162e+20
464,6.845525592511273e+20
465,6.845208755398747e+20
466,6.84489346307483e+20
467,6.844579708001847e+20
468,6.844267482679031e+20
469,6.843956779642322e+20
470,6.843647591464193e+20
471,6.843339910753477e+20
472,6.843033730155171e+20
473,6.842729042350265e+20
474,6.84242584005557e+20
475,6.842124116023523e+20
476,6.841823863042035e+20
477,6.841525073934283e+20
478,6.841227741558574e+20
479,6.840931858808139e+20
480,6.840637418610978e+20
481,6.840344413929676e+20
482,6.840052837761249e+20
483,6.839762683136954e+20
484,6.839473943122131e+20
485,6.839186610816039e+20
486,6.838900679351674e+20
487,6.838616141895612e+20
488,6.838332991647848e+20
489,6.838051221841618e+20
490,6.837770825743244e+20
491,6.837491796651965e+20
492,6.837214127899784e+20
493,6.836937812851293e+20
494,6.836662844903526e+20
495,6.836389217485787e+20
496,6.836116924059501e+20
497,6.835845958118045e+20
498,6.835576313186605e+20
499,6.835307982821997e+20
500,6.835040960612541e+20
501,6.834775240177877e+20
502,6.83451081516883e+20
503,6.834247679267247e+20
504,6.833985826185844e+20
505,6.833725249668064e+20
506,6.833465943487915e+20
507,6.833207901449821e+20
508,6.832951117388477e+20
509,6.832695585168698e+20
510,6.832441298685268e+20
511,6.832188251862798e+20
512,6.831936438655574e+20
513,6.831685853047414e+20
514,6.831436489051522e+20
515,6.831188340710344e+20
516,6.830941402095422e+20
517,6.830695667307255e+20
518,6.830451130475158e+20
519,6.830207785757108e+20
520,6.829965627339618e+20
521,6.829724649437591e+20
522,6.829484846294181e+20
523,6.829246212180649e+20
524,6.829008741396231e+20
525,6.828772428268008e+20
526,6.828537267150747e+20
527,6.828303252426791e+20
528,6.828070378505906e+20
529,6.827838639825148e+20
530,6.827608030848735e+20
531,6.827378546067918e+20
532,6.827150180000835e+20
533,6.826922927192387e+20
534,6.826696782214108e+20
535,6.826471739664029e+20
536,6.826247794166555e+20
537,6.826024940372327e+20
538,6.825803172958101e+20
539,6.82558248662662e+20
540,6.825362876106477e+20
541,6.825144336152e+20
542,6.824926861543113e+20
543,6.824710447085233e+20
544,6.82449508760912e+20
545,6.824280777970755e+20
546,6.824067513051247e+20
547,6.823855287756668e+20
548,6.82364409701796e+20
549,6.8234339357908e+20
550,6.823224799055475e+20
551,6.823016681816789e+20
552,6.8228095791039e+20
553,6.822603485970234e+20
554,6.822398397493357e+20
555,6.822194308774852e+20
556,6.821991214940202e+20
557,6.821789111138683e+20
558,6.821587992543231e+20
559,6.821387854350342e+20
560,6.821188691779946e+20
561,6.820990500075298e+20
562,6.820793274502867e+20
563,6.820597010352205e+20
564,6.820401702935859e+20
565,6.820207347589238e+20
566,6.820013939670512e+20
567,6.8198214745605e+20
568,6.819629947662551e+20
569,6.81943935440245e+20
570,6.819249690228282e+20
571,6.81906095061035e+20
572,6.818873131041058e+20
573,6.818686227034788e+20
574,6.818500234127818e+20
575,6.818315147878196e+20
576,6.818130963865626e+20
577,6.817947677691397e+20
578,6.817765284978246e+20
579,6.817583781370256e+20
580,6.81740316253277e+20
581,6.817223424152268e+20
582,6.817044561936267e+20
583,6.816866571613241e+20
584,6.816689448932471e+20
585,6.816513189663999e+20
586,6.816337789598486e+20
587,6.81616324454712e+20
588,6.815989550341535e+20
589,6.815816702833679e+20
590,6.815644697895752e+20
591,6.81547353142007e+20
592,6.815303199318995e+20
593,6.815133697524817e+20
594,6.814965021989672e+20
595,6.814797168685437e+20
596,6.814630133603638e+20
597,6.814463912755344e+20
598,6.814298502171079e+20
599,6.81413389790074e+20
600,6.813970096013468e+20
601,6.813807092597589e+20
602,6.813644883760505e+20
603,6.8134834656286e+20
604,6.813322834347151e+20
605,6.813162986080225e+20
606,6.813003917010612e+20
607,6.812845623339705e+20
608,6.812688101287424e+20
609,6.812531347092126e+20
610,6.812375357010518e+20
611,6.812220127317548e+20
612,6.81206565430634e+20
613,6.811911934288092e+20
614,6.811758963591989e+20
615,6.811606738565121e+20
616,6.811455255572388e+20
617,6.811304510996417e+20
618,6.811154501237475e+20
619,6.811005222713384e+20
620,6.810856671859431e+20
621,6.81070884512829e+20
622,6.810561738989927e+20
623,6.810415349931529e+20
624,6.810269674457405e+20
625,6.810124709088914e+20
626,6.809980450364377e+20
627,6.809836894838992e+20
628,6.809694039084761e+20
629,6.809551879690391e+20
630,6.809410413261233e+20
631,6.809269636419187e+20
632,6.809129545802619e+20
633,6.808990138066295e+20
634,6.808851409881288e+20
635,6.808713357934905e+20
636,6.808575978930602e+20
637,6.808439269587908e+20
638,6.808303226642353e+20
639,6.808167846845383e+20
640,6.808033126964278e+20
641,6.807899063782084e+20
642,6.807765654097532e+20
643,6.807632894724964e+20
644,6.807500782494248e+20
645,6.807369314250718e+20
646,6.807238486855082e+20
647,6.807108297183354e+20
648,6.806978742126783e+20
649,6.806849818591777e+20
650,6.806721523499825e+20
651,6.806593853787422e+20
652,6.806466806406001e+20
653,6.806340378321869e+20
654,6.806214566516108e+20
655,6.806089367984527e+20
656,6.805964779737585e+20
657,6.805840798800307e+20
658,6.805717422212237e+20
659,6.80559464702734e+20
660,6.805472470313944e+20
661,6.805350889154684e+20
662,6.805229900646403e+20
663,6.805109501900106e+20
664,6.80498969004088e+20
665,6.804870462207834e+20
666,6.804751815554016e+20
667,6.804633747246363e+20
668,6.804516254465618e+20
669,6.80439933440627e+20
670,6.804282984276488e+20
671,6.804167201298053e+20
672,6.804051982706285e+20
673,6.803937325749986e+20
674,6.803823227691374e+20
675,6.803709685806008e+20
676,6.803596697382738e+20
677,6.803484259723617e+20
678,6.803372370143868e+20
679,6.803261025971795e+20
680,6.803150224548725e+20
681,6.80303996322895e+20
682,6.802930239379659e+20
683,6.802821050380877e+20
684,6.802712393625399e+20
685,6.802604266518736e+20
686,6.802496666479044e+20
687,6.802389590937065e+20
688,6.802283037336068e+20
689,6.802177003131787e+20
690,6.802071485792362e+20
691,6.801966482798266e+20
692,6.801861991642264e+20
693,6.801758009829343e+20
694,6.801654534876654e+20
695,6.801551564313442e+20
696,6.801449095681014e+20
697,6.801347126532652e+20
698,6.801245654433561e+20
699,6.801144676960833e+20
700,6.801044191703357e+20
701,6.80094419626178e+20
702,6.800844688248447e+20
703,6.800745665287342e+20
704,6.800647125014033e+20
705,6.800549065075611e+20
706,6.800451483130646e+20
707,6.80035437684911e+20
708,6.800257743912343e+20
709,6.800161582012987e+20
710,6.800065888854931e+20
711,6.799970662153253e+20
712,6.799875899634179e+20
713,6.799781599035011e+20
714,6.799687758104088e+20
715,6.799594374600716e+20
716,6.799501446295142e+20
717,6.799408970968461e+20
718,6.7993169464126e+20
719,6.799225370430244e+20
720,6.799134240834794e+20
721,6.799043555450303e+20
722,6.798953312111437e+20
723,6.79886350866342e+20
724,6.798774142961974e+20
725,6.798685212873275e+20
726,6.798596716273905e+20
727,6.798508651050796e+20
728,6.798421015101178e+20
729,6.798333806332534e+20
730,6.798247022662544e+20
731,6.798160662019049e+20
732,6.798074722339982e+20
733,6.797989201573324e+20
734,6.797904097677073e+20
735,6.797819408619168e+20
736,6.797735132377471e+20
737,6.797651266939678e+20
738,6.797567810303313e+20
739,6.797484760475651e+20
740,6.797402115473692e+20
741,6.797319873324089e+20
742,6.797238032063129e+20
743,6.79715658973666e+20
744,6.797075544400057e+20
745,6.796994894118187e+20
746,6.796914636965333e+20
747,6.796834771025177e+20
748,6.796755294390741e+20
749,6.796676205164336e+20
750,6.796597501457531e+20
751,6.796519181391099e+20
752,6.796441243094974e+20
753,6.7963636847082e+20
754,6.7962865043789e+20
755,6.796209700264225e+20
756,6.796133270530304e+20
757,6.796057213352208e+20
758,6.795981526913903e+20
759,6.795906209408207e+20
760,6.795831259036754e+20
761,6.795756674009937e+20
762,6.795682452546869e+20
763,6.795608592875359e+20
764,6.795535093231841e+20
765,6.795461951861352e+20
766,6.795389167017486e+20
767,6.79531673696234e+20
768,6.795244659966496e+20
769,6.795172934308957e+20
770,6.795101558277121e+20
771,6.795030530166728e+20
772,6.794959848281831e+20
773,6.794889510934748e+20
774,6.794819516446023e+20
775,6.794749863144387e+20
776,6.794680549366727e+20
777,6.794611573458019e+20
778,6.794542933771317e+20
779,6.79447462866771e+20
780,6.794406656516261e+20
781,6.794339015693998e+20
782,6.794271704585846e+20
783,6.794204721584621e+20
784,6.794138065090951e+20
785,6.794071733513279e+20
786,6.794005725267793e+20
787,6.793940038778419e+20
788,6.793874672476741e+20
789,6.79380962480201e+20
790,6.793744894201076e+20
791,6.793680479128359e+20
792,6.793616378045815e+20
793,6.7935525894229e+20
794,6.793489111736523e+20
795,6.793425943471028e+20
796,6.793363083118142e+20
797,6.793300529176938e+20
798,6.793238280153816e+20
799,6.793176334562449e+20
800,6.793114690923763e+20
801,6.793053347765884e+20
802,6.792992303624121e+20
803,6.792931557040921e+20
804,6.792871106565831e+20
805,6.792810950755476e+20
806,6.792751088173506e+20
807,6.792691517390587e+20
808,6.792632236984342e+20
809,6.792573245539332e+20
810,6.792514541647008e+20
811,6.792456123905703e+20
812,6.792397990920576e+20
813,6.792340141303579e+20
814,6.792282573673434e+20
815,6.792225286655604e+20
816,6.792168278882235e+20
817,6.792111548992161e+20
818,6.792055095630837e+20
819,6.791998917450322e+20
820,6.791943013109254e+20
821,6.791887381272802e+20
822,6.79183202061264e+20
823,6.791776929806925e+20
824,6.791722107540253e+20
825,6.79166755250363e+20
826,6.791613263394447e+20
827,6.791559238916443e+20
828,6.791505477779672e+20
829,6.791451978700481e+20
830,6.791398740401475e+20
831,6.791345761611477e+20
832,6.791293041065516e+20
833,6.791240577504788e+20
834,6.791188369676611e+20
835,6.791136416334428e+20
836,6.791084716237744e+20
837,6.791033268152119e+20
838,6.790982070849126e+20
839,6.790931123106329e+20
840,6.790880423707245e+20
841,6.790829971441336e+20
842,6.790779765103939e+20
843,6.790729803496287e+20
844,6.790680085425449e+20
845,6.790630609704303e+20
846,6.790581375151517e+20
847,6.790532380591526e+20
848,6.79048362485448e+20
849,6.790435106776243e+20
850,6.790386825198351e+20
851,6.790338778967984e+20
852,6.790290966937949e+20
853,6.790243387966626e+20
854,6.790196040917988e+20
855,6.790148924661523e+20
856,6.790102038072242e+20
857,6.790055380030631e+20
858,6.790008949422638e+20
859,6.789962745139642e+20
860,6.789916766078429e+20
861,6.789871011141152e+20
862,6.789825479235326e+20
863,6.789780169273784e+20
864,6.789735080174666e+20
865,6.78969021086138e+20
866,6.78964556026258e+20
867,6.789601127312151e+20
868,6.789556910949165e+20
869,6.789512910117873e+20
870,6.789469123767665e+20
871,6.789425550853061e+20
872,6.789382190333665e+20
873,6.789339041174172e+20
874,6.789296102344298e+20
875,6.789253372818807e+20
876,6.789210851577438e+20
877,6.789168537604919e+20
878,6.78912642989092e+20
879,6.789084527430038e+20
880,6.789042829221769e+20
881,6.789001334270486e+20
882,6.788960041585421e+20
883,6.788918950180625e+20
884,6.788878059074965e+20
885,6.788837367292081e+20
886,6.788796873860383e+20
887,6.78875657781301e+20
888,6.788716478187816e+20
889,6.788676574027341e+20
890,6.788636864378802e+20
891,6.78859734829405e+20
892,6.788558024829562e+20
893,6.788518893046411e+20
894,6.788479952010255e+20
895,6.7884412007913e+20
896,6.788402638464285e+20
897,6.788364264108461e+20
898,6.788326076807561e+20
899,6.788288075649791e+20
900,6.788250259727807e+20
901,6.78821262813867e+20
902,6.788175179983861e+20
903,6.788137914369231e+20
904,6.788100830404987e+20
905,6.788063927205681e+20
906,6.788027203890178e+20
907,6.787990659581639e+20
908,6.787954293407494e+20
909,6.787918104499437e+20
910,6.787882091993381e+20
911,6.787846255029459e+20
912,6.787810592751999e+20
913,6.787775104309491e+20
914,6.787739788854581e+20
915,6.787704645544042e+20
916,6.787669673538763e+20
917,6.787634872003723e+20
918,6.787600240107959e+20
919,6.787565777024576e+20
920,6.787531481930697e+20
921,6.787497354007463e+20
922,6.78746339244e+20
923,6.787429596417418e+20
924,6.787395965132763e+20
925,6.787362497783029e+20
926,6.787329193569118e+20
927,6.787296051695823e+20
928,6.787263071371826e+20
929,6.787230251809653e+20
930,6.787197592225673e+20
931,6.787165091840077e+20
932,6.78713274987686e+20
933,6.787100565563786e+20
934,6.787068538132401e+20
935,6.787036666817985e+20
936,6.787004950859549e+20
937,6.786973389499817e+20
938,6.786941981985196e+20
939,6.786910727565775e+20
940,6.786879625495291e+20
941,6.786848675031126e+20
942,6.786817875434277e+20
943,6.786787225969344e+20
944,6.78675672590451e+20
945,6.78672637451153e+20
946,6.786696171065707e+20
947,6.786666114845879e+20
948,6.786636205134385e+20
949,6.786606441217083e+20
950,6.786576822383297e+20
951,6.786547347925826e+20
952,6.786518017140906e+20
953,6.786488829328211e+20
954,6.786459783790824e+20
955,6.786430879835226e+20
956,6.786402116771282e+20
957,6.786373493912223e+20
958,6.786345010574615e+20
959,6.786316666078368e+20
960,6.786288459746704e+20
961,6.786260390906137e+20
962,6.786232458886477e+20
963,6.786204663020787e+20
964,6.786177002645396e+20
965,6.786149477099847e+20
966,6.786122085726928e+20
967,6.78609482787261e+20
968,6.786067702886061e+20
969,6.786040710119618e+20
970,6.786013848928782e+20
971,6.785987118672186e+20
972,6.785960518711597e+20
973,6.785934048411887e+20
974,6.785907707141029e+20
975,6.785881494270075e+20
976,6.785855409173142e+20
977,6.785829451227398e+20
978,6.78580361981305e+20
979,6.785777914313319e+20
980,6.785752334114437e+20
981,6.785726878605636e+20
982,6.785701547179107e+20
983,6.785676339230015e+20
984,6.785651254156481e+20
985,6.785626291359543e+20
986,6.785601450243167e+20
987,6.785576730214224e+20
988,6.785552130682482e+20
989,6.785527651060569e+20
990,6.785503290763996e+20
991,6.785479049211115e+20
992,6.785454925823106e+20
993,6.785430920023983e+20
994,6.785407031240554e+20
995,6.785383258902439e+20
996,6.785359602442022e+20
997,6.78533606129446e+20
998,6.785312634897662e+20
999,6.785289322692283e+20
1000,6.785266124121695e+20
1001,6.785243038631985e+20
1002,6.785220065671952e+20
1003,6.785197204693065e+20
1004,6.785174455149479e+20
1005,6.785151816498001e+20
1006,6.785129288198094e+20
1007,6.785106869711849e+20
1008,6.785084560503982e+20
1009,6.785062360041821e+20
1010,6.785040267795285e+20
1011,6.785018283236881e+20
1012,6.784996405841681e+20
1013,6.784974635087323e+20
1014,6.784952970453996e+20
1015,6.784931411424406e+20
1016,6.78490995748379e+20
1017,6.784888608119901e+20
1018,6.784867362822978e+20
1019,6.784846221085749e+20
1020,6.784825182403418e+20
1021,6.78480424627364e+20
1022,6.78478341219653e+20
1023,6.784762679674634e+20
1024,6.784742048212919e+20
1025,6.784721517318774e+20
1026,6.784701086501988e+20
1027,6.784680755274728e+20
1028,6.784660523151553e+20
1029,6.784640389649376e+20
1030,6.784620354287482e+20
1031,6.784600416587481e+20
1032,6.784580576073324e+20
1033,6.784560832271277e+20
1034,6.784541184709925e+20
1035,6.784521632920143e+20
1036,6.784502176435097e+20
1037,6.784482814790221e+20
1038,6.784463547523223e+20
1039,6.784444374174053e+20
1040,6.784425294284921e+20
1041,6.784406307400255e+20
1042,6.784387413066704e+20
1043,6.784368610833128e+20
1044,6.784349900250596e+20
1045,6.784331280872351e+20
1046,6.784312752253821e+20
1047,6.7842943139526e+20
1048,6.78427596552844e+20
1049,6.784257706543232e+20
1050,6.784239536561015e+20
1051,6.784221455147943e+20
1052,6.784203461872288e+20
1053,6.784185556304424e+20
1054,6.784167738016823e+20
1055,6.784150006584039e+20
1056,6.784132361582701e+20
1057,6.784114802591502e+20
1058,6.784097329191187e+20
1059,6.784079940964541e+20
1060,6.784062637496397e+20
1061,6.784045418373591e+20
1062,6.78402828318499e+20
1063,6.784011231521453e+20
1064,6.783994262975847e+20
1065,6.783977377143009e+20
1066,6.783960573619759e+20
1067,6.783943852004884e+20
1068,6.783927211899119e+20
1069,6.78391065290515e+20
1070,6.783894174627606e+20
1071,6.783877776673031e+20
1072,6.783861458649895e+20
1073,6.78384522016857e+20
1074,6.783829060841337e+20
1075,6.783812980282357e+20
1076,6.783796978107676e+20
1077,6.783781053935214e+20
1078,6.783765207384751e+20
1079,6.783749438077918e+20
1080,6.783733745638196e+20
1081,6.783718129690896e+20
1082,6.783702589863154e+20
1083,6.783687125783937e+20
1084,6.783671737084e+20
1085,6.783656423395915e+20
1086,6.783641184354037e+20
1087,6.783626019594503e+20
1088,6.783610928755228e+20
1089,6.783595911475884e+20
1090,6.783580967397911e+20
1091,6.783566096164492e+20
1092,6.783551297420543e+20
1093,6.783536570812717e+20
1094,6.783521915989389e+20
1095,6.783507332600644e+20
1096,6.783492820298282e+20
1097,6.78347837873579e+20
1098,6.783464007568345e+20
1099,6.783449706452821e+20
1100,6.783435475047733e+20
1101,6.783421313013293e+20
1102,6.783407220011351e+20
1103,6.783393195705407e+20
1104,6.78337923976061e+20
1105,6.783365351843732e+20
1106,6.783351531623169e+20
1107,6.783337778768946e+20
1108,6.783324092952678e+20
1109,6.783310473847595e+20
1110,6.783296921128512e+20
1111,6.783283434471837e+20
1112,6.783270013555545e+20
1113,6.783256658059187e+20
1114,6.78324336766388e+20
1115,6.783230142052282e+20
1116,6.783216980908613e+20
1117,6.783203883918628e+20
1118,6.783190850769601e+20
1119,6.783177881150352e+20
1120,6.7831649747512e+20
1121,6.783152131263981e+20
1122,6.78313935038203e+20
1123,6.783126631800188e+20
1124,6.783113975214766e+20
1125,6.783101380323566e+20
1126,6.783088846825865e+20
1127,6.783076374422391e+20
1128,6.783063962815356e+20
1129,6.783051611708399e+20
1130,6.783039320806619e+20
1131,6.783027089816544e+20
1132,6.783014918446139e+20
1133,6.783002806404784e+20
1134,6.782990753403289e+20
1135,6.782978759153859e+20
1136,6.78296682337011e+20
1137,6.782954945767055e+20
1138,6.78294312606109e+20
1139,6.78293136397e+20
1140,6.782919659212938e+20
1141,6.782908011510438e+20
1142,6.782896420584381e+20
1143,6.782884886158019e+20
1144,6.782873407955941e+20
1145,6.782861985704085e+20
1146,6.78285061912972e+20
1147,6.782839307961451e+20
1148,6.7828280519292e+20
1149,6.782816850764209e+20
1150,6.782805704199025e+20
1151,6.782794611967514e+20
1152,6.782783573804815e+20
1153,6.782772589447374e+20
1154,6.782761658632923e+20
1155,6.782750781100465e+20
1156,6.782739956590275e+20
1157,6.782729184843902e+20
1158,6.782718465604152e+20
1159,6.782707798615075e+20
1160,6.782697183621984e+20
1161,6.782686620371423e+20
1162,6.782676108611174e+20
1163,6.782665648090243e+20
1164,6.782655238558877e+20
1165,6.782644879768517e+20
1166,6.782634571471836e+20
1167,6.782624313422698e+20
1168,6.782614105376179e+20
1169,6.782603947088535e+20
1170,6.782593838317218e+20
1171,6.782583778820869e+20
1172,6.782573768359292e+20
1173,6.782563806693472e+20
1174,6.78255389358555e+20
1175,6.782544028798838e+20
1176,6.782534212097792e+20
1177,6.782524443248018e+20
1178,6.782514722016271e+20
1179,6.782505048170434e+20
1180,6.782495421479526e+20
1181,6.782485841713691e+20
1182,6.782476308644198e+20
1183,6.782466822043422e+20
1184,6.782457381684854e+20
1185,6.78244798734309e+20
1186,6.782438638793815e+20
1187,6.782429335813823e+20
1188,6.782420078180984e+20
1189,6.782410865674254e+20
1190,6.782401698073667e+20
1191,6.78239257516033e+20
1192,6.782383496716416e+20
1193,6.782374462525157e+20
1194,6.782365472370848e+20
1195,6.782356526038832e+20
1196,6.782347623315492e+20
1197,6.78233876398827e+20
1198,6.782329947845624e+20
1199,6.782321174677051e+20
1200,6.782312444273083e+20
1201,6.782303756425256e+20
1202,6.782295110926137e+20
1203,6.782286507569296e+20
1204,6.782277946149312e+20
1205,6.782269426461764e+20
1206,6.782260948303228e+20
1207,6.782252511471273e+20
1208,6.782244115764452e+20
1209,6.782235760982305e+20
1210,6.782227446925344e+20
1211,6.782219173395051e+20
1212,6.782210940193884e+20
1213,6.782202747125261e+20
1214,6.782194593993553e+20
1215,6.78218648060409e+20
1216,6.782178406763151e+20
1217,6.782170372277952e+20
1218,6.782162376956662e+20
1219,6.782154420608375e+20
1220,6.782146503043117e+20
1221,6.782138624071837e+20
1222,6.782130783506418e+20
1223,6.782122981159643e+20
1224,6.782115216845223e+20
1225,6.782107490377767e+20
1226,6.782099801572792e+20
1227,6.782092150246712e+20
1228,6.782084536216838e+20
1229,6.78207695930137e+20
1230,6.782069419319396e+20
1231,6.782061916090882e+20
1232,6.782054449436674e+20
1233,6.782047019178496e+20
1234,6.782039625138931e+20
1235,6.782032267141436e+20
1236,6.782024945010323e+20
1237,6.782017658570762e+20
1238,6.782010407648777e+20
1239,6.782003192071238e+20
1240,6.781996011665856e+20
1241,6.781988866261191e+20
1242,6.781981755686629e+20
1243,6.78197467977239e+20
1244,6.781967638349526e+20
1245,6.781960631249911e+20
1246,6.781953658306234e+20
1247,6.781946719352006e+20
1248,6.781939814221538e+20
1249,6.781932942749967e+20
1250,6.78192610477322e+20
1251,6.781919300128026e+20
1252,6.781912528651914e+20
1253,6.781905790183197e+20
1254,6.781899084560984e+20
1255,6.781892411625167e+20
1256,6.781885771216416e+20
1257,6.781879163176177e+20
1258,6.781872587346671e+20
1259,6.781866043570891e+20
1260,6.781859531692586e+20
1261,6.78185305155628e+20
1262,6.781846603007239e+20
1263,6.781840185891498e+20
1264,6.781833800055832e+20
1265,6.781827445347771e+20
1266,6.78182112161558e+20
1267,6.781814828708269e+20
1268,6.781808566475588e+20
1269,6.781802334768009e+20
1270,6.781796133436736e+20
1271,6.781789962333706e+20
1272,6.78178382131157e+20
1273,6.781777710223698e+20
1274,6.781771628924181e+20
1275,6.781765577267808e+20
1276,6.781759555110088e+20
1277,6.781753562307236e+20
1278,6.781747598716159e+20
1279,6.781741664194458e+20
1280,6.781735758600442e+20
1281,6.781729881793102e+20
1282,6.781724033632123e+20
1283,6.781718213977861e+20
1284,6.781712422691367e+20
1285,6.781706659634356e+20
1286,6.781700924669232e+20
1287,6.781695217659055e+20
1288,6.781689538467561e+20
1289,6.781683886959155e+20
1290,6.781678262998889e+20
1291,6.781672666452484e+20
1292,6.781667097186307e+20
1293,6.781661555067385e+20
1294,6.78165603996339e+20
1295,6.781650551742637e+20
1296,6.781645090274083e+20
1297,6.781639655427327e+20
1298,6.781634247072604e+20
1299,6.781628865080774e+20
1300,6.781623509323337e+20
1301,6.781618179672407e+20
1302,6.781612876000735e+20
1303,6.781607598181683e+20
1304,6.781602346089232e+20
1305,6.78159711959798e+20
1306,6.781591918583136e+20
1307,6.781586742920513e+20
1308,6.781581592486535e+20
1309,6.781576467158224e+20
1310,6.781571366813202e+20
1311,6.781566291329689e+20
1312,6.781561240586499e+20
1313,6.781556214463035e+20
1314,6.781551212839288e+20
1315,6.781546235595839e+20
1316,6.781541282613844e+20
1317,6.781536353775038e+20
1318,6.781531448961743e+20
1319,6.781526568056841e+20
1320,6.781521710943788e+20
1321,6.781516877506622e+20
1322,6.781512067629929e+20
1323,6.781507281198864e+20
1324,6.781502518099141e+20
1325,6.781497778217031e+20
1326,6.78149306143937e+20
1327,6.781488367653522e+20
1328,6.781483696747425e+20
1329,6.781479048609544e+20
1330,6.781474423128904e+20
1331,6.781469820195056e+20
1332,6.781465239698102e+20
1333,6.781460681528662e+20
1334,6.781456145577918e+20
1335,6.781451631737552e+20
1336,6.781447139899795e+20
1337,6.781442669957394e+20
1338,6.78143822180362e+20
1339,6.781433795332262e+20
1340,6.781429390437638e+20
1341,6.781425007014564e+20
1342,6.781420644958377e+20
1343,6.781416304164933e+20
1344,6.781411984530583e+20
1345,6.781407685952185e+20
1346,6.781403408327106e+20
1347,6.781399151553206e+20
1348,6.781394915528848e+20
1349,6.781390700152893e+20
1350,6.781386505324684e+20
1351,6.781382330944063e+20
1352,6.781378176911361e+20
1353,6.781374043127396e+20
1354,6.781369929493458e+20
1355,6.781365835911329e+20
1356,6.78136176228327e+20
1357,6.781357708512014e+20
1358,6.781353674500768e+20
1359,6.781349660153212e+20
1360,6.781345665373498e+20
1361,6.781341690066241e+20
1362,6.781337734136526e+20
1363,6.781333797489895e+20
1364,6.781329880032353e+20
1365,6.781325981670361e+20
1366,6.781322102310843e+20
1367,6.781318241861172e+20
1368,6.78131440022917e+20
1369,6.781310577323108e+20
1370,6.781306773051712e+20
1371,6.781302987324145e+20
1372,6.781299220050018e+20
1373,6.781295471139378e+20
1374,6.781291740502714e+20
1375,6.781288028050945e+20
1376,6.781284333695436e+20
1377,6.781280657347973e+20
1378,6.781276998920781e+20
1379,6.7812733583265e+20
1380,6.78126973547821e+20
1381,6.781266130289407e+20
1382,6.781262542674012e+20
1383,6.781258972546361e+20
1384,6.781255419821211e+20
1385,6.781251884413738e+20
1386,6.781248366239521e+20
1387,6.781244865214563e+20
1388,6.78124138125526e+20
1389,6.781237914278439e+20
1390,6.78123446420131e+20
1391,6.781231030941503e+20
1392,6.781227614417036e+20
1393,6.78122421454634e+20
1394,6.781220831248224e+20
1395,6.781217464441921e+20
1396,6.781214114047031e+20
1397,6.781210779983561e+20
1398,6.781207462171903e+20
1399,6.781204160532839e+20
1400,6.781200874987538e+20
1401,6.781197605457546e+20
1402,6.7811943518648e+20
1403,6.781191114131614e+20
1404,6.781187892180679e+20
1405,6.78118468593507e+20
1406,6.781181495318225e+20
1407,6.781178320253966e+20
1408,6.781175160666484e+20
1409,6.781172016480333e+20
1410,6.781168887620443e+20
1411,6.781165774012105e+20
1412,6.781162675580976e+20
1413,6.781159592253075e+20
1414,6.781156523954785e+20
1415,6.781153470612839e+20
1416,6.781150432154335e+20
1417,6.781147408506724e+20
1418,6.781144399597813e+20
1419,6.781141405355753e+20
1420,6.781138425709055e+20
1421,6.781135460586574e+20
1422,6.781132509917509e+20
1423,6.781129573631415e+20
1424,6.781126651658173e+20
1425,6.781123743928022e+20
1426,6.781120850371531e+20
1427,6.781117970919613e+20
1428,6.781115105503509e+20
1429,6.781112254054813e+20
1430,6.781109416505432e+20
1431,6.781106592787619e+20
1432,6.781103782833951e+20
1433,6.781100986577334e+20
1434,6.781098203951e+20
1435,6.781095434888514e+20
1436,6.781092679323759e+20
1437,6.781089937190937e+20
1438,6.781087208424575e+20
1439,6.781084492959519e+20
1440,6.781081790730932e+20
1441,6.781079101674295e+20
1442,6.781076425725396e+20
1443,6.781073762820352e+20
1444,6.781071112895568e+20
1445,6.781068475887784e+20
1446,6.78106585173403e+20
1447,6.781063240371651e+20
1448,6.781060641738296e+20
1449,6.781058055771912e+20
1450,6.781055482410764e+20
1451,6.7810529215934e+20
1452,6.781050373258681e+20
1453,6.781047837345759e+20
1454,6.781045313794085e+20
1455,6.7810428025434e+20
1456,6.781040303533744e+20
1457,6.781037816705458e+20
1458,6.78103534199915e+20
1459,6.781032879355741e+20
1460,6.781030428716428e+20
1461,6.781027990022698e+20
1462,6.781025563216324e+20
1463,6.781023148239356e+20
1464,6.781020745034134e+20
1465,6.781018353543285e+20
1466,6.781015973709696e+20
1467,6.781013605476551e+20
1468,6.7810112487873e+20
1469,6.781008903585675e+20
1470,6.781006569815677e+20
1471,6.781004247421589e+20
1472,6.781001936347953e+20
1473,6.780999636539589e+20
1474,6.780997347941587e+20
1475,6.780995070499299e+20
1476,6.780992804158353e+20
1477,6.780990548864628e+20
1478,6.78098830456428e+20
1479,6.780986071203719e+20
1480,6.780983848729623e+20
1481,6.780981637088919e+20
1482,6.780979436228807e+20
1483,6.780977246096738e+20
1484,6.78097506664041e+20
1485,6.780972897807794e+20
1486,6.780970739547098e+20
1487,6.780968591806793e+20
1488,6.780966454535598e+20
1489,6.780964327682478e+20
1490,6.780962211196653e+20
1491,6.780960105027586e+20
1492,6.780958009124992e+20
1493,6.780955923438826e+20
1494,6.780953847919284e+20
1495,6.780951782516814e+20
1496,6.780949727182098e+20
1497,6.780947681866061e+20
1498,6.780945646519868e+20
1499,6.780943621094922e+20
1500,6.780941605542865e+20
