#Exponential aproximation (mean) vs Original set
#ExpMe(x), ExpMe(CDF) 
0,0
0.02019552575757576,0.3082891010442124
0.04039105151515152,0.5215360322657762
0.06058657727272727,0.669041258760607
0.08078210303030303,0.7710722315800236
0.1009776287878788,0.8416481675102758
0.1211731545454545,0.8904663115972365
0.1413686803030303,0.9242343539289813
0.1615642060606061,0.9475920768462497
0.1817597318181818,0.9637488683629135
0.2019552575757576,0.9749246971471464
0.2221507833333333,0.982655139722064
0.2423463090909091,0.9880023711048863
0.2625418348484849,0.991701109331623
0.2827373606060606,0.9942595668754411
0.3029328863636364,0.9960292798430158
0.3231284121212121,0.9972534095907106
0.3433239378787879,0.9981001534789271
0.3635194636363637,0.9986858554550306
0.3837149893939394,0.9990909918954414
0.4039105151515152,0.9993712291868376
0.4241060409090909,0.9995650723755903
0.4443015666666666,0.9996991558219389
0.4644970924242424,0.9997919028031478
0.4846926181818182,0.9998560569008952
0.504888143939394,0.9999004329895197
0.5250836696969697,0.9999311284136744
0.5452791954545455,0.9999523607731101
0.5654747212121212,0.9999670474275425
0.5856702469696969,0.9999772063464825
0.6058657727272727,0.9999842333814349
0.6260612984848485,0.9999890940580989
0.6462568242424243,0.9999924562411237
0.66645235,0.9999947818997661
0.6866478757575758,0.9999963905831963
0.7068434015151516,0.9999975033270581
0.7270389272727273,0.9999982730241149
0.747234453030303,0.9999988054319581
0.7674299787878788,0.9999991737042658
0.7876255045454545,0.9999994284422349
0.8078210303030303,0.9999996046472646
0.8280165560606061,0.999999726530204
0.8482120818181819,0.9999998108379615
0.8684076075757576,0.9999998691545563
0.8886031333333333,0.9999999094927805
0.9087986590909091,0.9999999373951699
0.9289941848484848,0.9999999566955566
0.9491897106060606,0.9999999700458446
0.9693852363636364,0.9999999792803842
0.9895807621212122,0.999999985668016
1.009776287878788,0.9999999900864104
1.029971813636364,0.9999999931426621
1.050167339393939,0.9999999952567046
1.070362865151515,0.9999999967190109
1.090558390909091,0.9999999977305041
1.110753916666667,0.999999998430165
1.130949442424242,0.9999999989141279
1.151144968181818,0.9999999992488905
1.171340493939394,0.9999999994804494
1.19153601969697,0.9999999996406211
1.211731545454545,0.9999999997514137
1.231927071212121,0.9999999998280502
1.252122596969697,0.9999999998810605
1.272318122727273,0.9999999999177283
1.292513648484849,0.9999999999430917
1.312709174242424,0.9999999999606359
1.3329047,0.9999999999727714
1.353100225757576,0.9999999999811657
1.373295751515152,0.9999999999869721
1.393491277272727,0.9999999999909884
1.413686803030303,0.9999999999937667
1.433882328787879,0.9999999999956883
1.454077854545455,0.9999999999970176
1.47427338030303,0.999999999997937
1.494468906060606,0.999999999998573
1.514664431818182,0.9999999999990129
1.534859957575758,0.9999999999993172
1.555055483333333,0.9999999999995277
1.575251009090909,0.9999999999996734
1.595446534848485,0.9999999999997741
1.615642060606061,0.9999999999998437
1.635837586363636,0.9999999999998919
1.656033112121212,0.9999999999999252
1.676228637878788,0.9999999999999483
1.696424163636364,0.9999999999999643
1.716619689393939,0.9999999999999752
1.736815215151515,0.9999999999999829
1.757010740909091,0.9999999999999881
1.777206266666667,0.9999999999999918
1.797401792424242,0.9999999999999943
1.817597318181818,0.9999999999999961
1.837792843939394,0.9999999999999973
1.85798836969697,0.9999999999999981
1.878183895454546,0.9999999999999987
1.898379421212121,0.9999999999999991
1.918574946969697,0.9999999999999993
1.938770472727273,0.9999999999999996
1.958965998484848,0.9999999999999997
1.979161524242424,0.9999999999999998
1.99935705,0.9999999999999999
