0 
0.000213 
0.000283 
3.1e-05 
2.2e-05 
0.000327 
7.4e-05 
0.000186 
0.000337 
6.4e-05 
0.000376 
0.000257 
4e-06 
4.6e-05 
0.04736 
0.000356 
4e-06 
6e-05 
0.041441 
4.3e-05 
3.8e-05 
0.000604 
0.000168 
0.040812 
0.017009 
0.000438 
0.000424 
0.00045 
0.000443 
0.039885 
6e-06 
6.4e-05 
0.000789 
0.000416 
0.000297 
4.5e-05 
0.000511 
0.00057 
0.000249 
0.000208 
0.000304 
0.000203 
0.000574 
0.000258 
0.000243 
9.6e-05 
0.000535 
0.000193 
0.039351 
6e-06 
2e-06 
2e-06 
2e-06 
2e-06 
3.5e-05 
0.001338 
0.00036 
5e-05 
0.000455 
0.000221 
0.000237 
0.000242 
0.00026 
0.000593 
0.00024 
0.000239 
0.00025 
0.000261 
0.000144 
4.6e-05 
0.000302 
0.00028 
0.000268 
0.000242 
0.000475 
0.000263 
0.000282 
8e-06 
4.5e-05 
0.042231 
0.00033 
4e-06 
4.2e-05 
0.024777 
0.033406 
3.4e-05 
0.041757 
5.7e-05 
0.016922 
0.0003 
0.000256 
0.000236 
0.000198 
0.037472 
1.5e-05 
1.8e-05 
3.9e-05 
7e-06 
6e-06 
5.9e-05 
8e-06 
4e-06 
4.7e-05 
0.000534 
7e-06 
4e-06 
3e-06 
3.1e-05 
6e-05 
1.8e-05 
2.4e-05 
6e-06 
5.7e-05 
1.5e-05 
0.000212 
6e-06 
4e-06 
4e-06 
0.000177 
4e-06 
3e-06 
4e-06 
0.000335 
7e-06 
3e-06 
4e-06 
0.000302 
6e-06 
0.000132 
8e-06 
5e-06 
4e-06 
4e-06 
5e-06 
0.000431 
8e-06 
4e-06 
4e-06 
6e-06 
4e-06 
0.000219 
6e-06 
3e-06 
4e-06 
0.000228 
6e-06 
3e-06 
4e-06 
0.000234 
6e-06 
4e-06 
4e-06 
0.000239 
6e-06 
4e-06 
3e-06 
0.000212 
6e-06 
4e-06 
3e-06 
0.00025 
6e-06 
4e-06 
3e-06 
0.00025 
6e-06 
3e-06 
3e-06 
0.00029 
5e-06 
3e-06 
3e-06 
0.000101 
4e-06 
4e-06 
3e-06 
0.000351 
6e-06 
3e-06 
3e-06 
0.000122 
5e-06 
4e-06 
0.000381 
0.0012 
0.000979 
0.001494 
0.001418 
0.037034 
0.000461 
0.000499 
3.5e-05 
0.030896 
1.3e-05 
2.5e-05 
2e-06 
5.6e-05 
2e-06 
0.000168 
1e-06 
4.4e-05 
0.00024 
0.000101 
1e-06 
0.000222 
1e-06 
0.000285 
1e-06 
0.000249 
1e-06 
0.000186 
1e-06 
0.000237 
2e-06 
0.000338 
2e-06 
0.000235 
0.000826 
0.000219 
0.006962 
0.073517 
0.000375 
0.051888 
4e-05 
0.000279 
5.1e-05 
6.4e-05 
0.000389 
7.8e-05 
3.9e-05 
0.000381 
7e-05 
0.00019 
0.00024 
0.000346 
0.00016 
0.000266 
0.000188 
0.000257 
2.8e-05 
2.9e-05 
0.000411 
3.4e-05 
2.8e-05 
0.00068 
0.010716 
0.002634 
0.000322 
0.000624 
0.000105 
0.000517 
0.03726 
0.042492 
0.000326 
0.000737 
0.036449 
5e-06 
5e-06 
2e-06 
2e-06 
1e-06 
2e-06 
3.3e-05 
0.000674 
2e-06 
0 
1e-06 
1e-06 
0.000107 
3.2e-05 
1e-06 
1e-06 
0.000312 
2e-06 
2e-06 
0.000164 
1e-06 
1e-06 
0.000545 
2e-06 
2e-06 
1e-06 
1e-06 
1e-06 
0.00045 
2e-06 
3e-06 
3e-06 
3e-06 
2e-06 
0.000478 
1e-06 
3e-06 
3e-06 
4e-06 
2e-06 
0.000457 
3e-06 
2e-06 
2e-06 
2e-06 
0.000221 
2e-06 
2e-06 
0.000266 
3e-06 
1e-06 
0.000214 
2e-06 
1e-06 
0.00024 
1e-06 
2e-06 
0.000241 
1e-06 
2e-06 
0.000268 
1e-06 
1e-06 
0.000267 
1e-06 
2e-06 
0.000217 
1e-06 
1e-06 
0.000263 
1e-06 
1e-06 
0.000202 
1e-06 
2e-06 
0.000258 
1e-06 
1e-06 
0.000235 
1e-06 
1e-06 
0.000235 
2e-06 
1e-06 
0.000248 
1e-06 
0 
0.000239 
1e-06 
1e-06 
0.000245 
1e-06 
1e-06 
0.000244 
3e-06 
1e-06 
0.00024 
2e-06 
1e-06 
0.000242 
1e-06 
1e-06 
0.000243 
1e-06 
1e-06 
0.00024 
1e-06 
1e-06 
0.000242 
1e-06 
2e-06 
0.000238 
3e-06 
4e-06 
0.000243 
3e-06 
3e-06 
0.000236 
2e-06 
1e-06 
0.000242 
1e-06 
2e-06 
0.000245 
1e-06 
1e-06 
0.000242 
1e-06 
1e-06 
0.000244 
2e-06 
1e-06 
0.000242 
2e-06 
1e-06 
0.00024 
1e-06 
2e-06 
0.000245 
1e-06 
1e-06 
0.000241 
1e-06 
1e-06 
0.000243 
2e-06 
1e-06 
0.000309 
2e-06 
0.000206 
1e-06 
0.000235 
1e-06 
0.00025 
1e-06 
0.000236 
2e-06 
0.000242 
2e-06 
0.000231 
2e-06 
1e-06 
0.000259 
1e-06 
0.00022 
1e-06 
0.000246 
2e-06 
0.000244 
1e-06 
0.000244 
2e-06 
0.00024 
1e-06 
1e-06 
0.000243 
1e-06 
0.000246 
1e-06 
0.000243 
1e-06 
0.000246 
1e-06 
0.000244 
1e-06 
0.000259 
2e-06 
0.000237 
2e-06 
0.000246 
0.000241 
2e-06 
0.000242 
0.000251 
0.000223 
2e-06 
0.000246 
0.000248 
0.000253 
3e-06 
0.000234 
0.000244 
3e-06 
0.000257 
0.000245 
0.00047 
2e-06 
0.000242 
3e-06 
0.000239 
1e-06 
0.000247 
2e-06 
0.000241 
0.000245 
0.002513 
0.00105 
0.000186 
0.000914 
0.000402 
0.000364 
4.6e-05 
0.000373 
7.8e-05 
0.000488 
0.000263 
0.015999 
0.000277 
2.3e-05 
0.000392 
3.1e-05 
0.000565 
0.000361 
0.000212 
0.000249 
0.000235 
0.000258 
0.000252 
0.039877 
2.8e-05 
0.000334 
0.00022 
0.000323 
0.000119 
0.000313 
0.000245 
0.000417 
8.1e-05 
0.000503 
0.000416 
0.00031 
0.000236 
0.000264 
0.000272 
0.000315 
0.000252 
0.000217 
0.000556 
0.000258 
0.000271 
3e-06 
2e-06 
1e-06 
2e-06 
2e-06 
6.9e-05 
0.040539 
0.000387 
3e-06 
6.2e-05 
0.049604 
1.4e-05 
6e-06 
6e-06 
3.3e-05 
1.6e-05 
7e-06 
2.5e-05 
0.000552 
0.000555 
0.000243 
0.065292 
0.016872 
0.000267 
0.000199 
0.000266 
0.000218 
0.04 
0.000348 
0.000412 
0.000115 
0.00086 
0.000487 
0.00062 
1e-05 
7e-06 
4.2e-05 
0.029755 
0.000445 
0.00041 
0.011309 
0.000275 
0.019267 
0.000327 
0.000325 
0.000362 
0.000461 
0.000342 
0.000428 
0.001874 
0.025652 
4e-06 
4.3e-05 
3e-06 
5.1e-05 
3e-06 
5.6e-05 
2e-06 
5.4e-05 
1e-06 
0.0004 
1e-06 
4.8e-05 
3e-06 
3.7e-05 
2e-06 
0.000168 
2e-06 
1e-06 
4.7e-05 
0.000208 
1e-06 
1e-06 
0.000444 
3e-06 
2e-06 
6.8e-05 
0.074649 
0.00038 
0.000472 
0.000286 
0.000369 
0.000254 
0.000464 
0.001541 
0.014374 
3e-06 
1e-06 
1e-06 
1e-06 
2e-06 
5.2e-05 
2e-06 
6.3e-05 
1.3e-05 
1e-06 
1e-06 
6.7e-05 
2e-06 
1e-06 
4.3e-05 
4e-06 
6.1e-05 
1e-06 
1e-06 
7.1e-05 
2e-06 
7e-06 
0.031941 
0.000437 
5e-06 
2e-06 
6.4e-05 
0.03309 
0.000446 
0.00031 
0.000283 
0.000351 
0.000264 
0.000316 
0.001551 
0.014695 
4e-06 
1e-06 
1e-06 
1e-06 
2e-06 
1e-06 
3.5e-05 
1e-06 
3.2e-05 
6e-06 
6.8e-05 
1e-06 
1e-06 
4e-05 
7e-06 
1.5e-05 
2.7e-05 
5e-06 
3.2e-05 
6e-06 
2.5e-05 
3e-05 
0.031848 
0.000419 
4e-06 
1e-06 
6.5e-05 
0.033146 
0.000798 
0.000411 
0.000268 
0.000418 
0.000314 
0.000406 
0.001715 
0.014113 
3e-06 
2e-06 
1e-06 
1e-06 
2e-06 
1e-06 
4.5e-05 
3e-06 
6.7e-05 
1.2e-05 
1e-06 
1e-06 
6.7e-05 
1.9e-05 
1e-06 
1e-06 
1e-05 
1.9e-05 
5.9e-05 
2e-06 
9.3e-05 
2e-06 
0.031635 
0.000323 
3e-06 
2e-06 
6.9e-05 
0.016862 
0.016224 
0.000102 
0.000757 
0.000304 
0.000262 
0.000284 
0.000255 
0.000394 
0.001658 
0.014533 
3e-06 
2e-06 
2e-06 
1e-06 
2e-06 
2e-06 
2e-06 
1e-06 
3.4e-05 
3e-06 
7.5e-05 
1.8e-05 
1e-06 
1e-06 
1e-06 
6e-05 
2e-06 
9e-06 
5.3e-05 
5e-06 
2e-05 
1e-05 
0.031751 
0.000447 
5e-06 
2e-06 
6.8e-05 
0.049683 
0.000361 
0.000256 
0.000223 
0.000304 
0.000278 
0.000303 
0.001661 
0.014947 
4e-06 
2e-06 
1e-06 
2e-06 
1e-06 
1e-06 
3.8e-05 
3e-06 
6.1e-05 
1e-06 
1e-06 
4.2e-05 
4e-06 
5.6e-05 
4e-06 
1e-06 
3e-05 
8e-06 
5.4e-05 
1e-06 
1e-06 
2.6e-05 
0.031728 
0.000296 
4e-06 
2e-06 
5.9e-05 
0.033229 
0.000526 
0.000253 
0.0002 
0.000465 
0.000299 
0.000414 
0.001701 
0.014619 
4e-06 
2e-06 
1e-06 
2e-06 
2e-06 
2e-06 
3.8e-05 
2e-06 
8.1e-05 
1e-06 
0 
1.6e-05 
1e-06 
5e-05 
4e-06 
5.6e-05 
1e-06 
1e-06 
3.1e-05 
9e-06 
2.8e-05 
9e-06 
0.031658 
0.000401 
4e-06 
2e-06 
5.9e-05 
0.033108 
0.002012 
0.000277 
0.000221 
0.000439 
0.00029 
0.000422 
0.002068 
0.012843 
3e-06 
2e-06 
2e-06 
1e-06 
2e-06 
1e-06 
1e-05 
3.5e-05 
2e-06 
6.7e-05 
2e-06 
0 
4.5e-05 
8e-06 
2.2e-05 
3.3e-05 
8e-06 
7.1e-05 
1.4e-05 
1e-06 
1e-06 
2.7e-05 
0.048239 
0.000315 
2e-06 
3e-06 
6.9e-05 
0.033114 
0.000364 
0.000285 
0.000249 
0.00043 
0.000304 
0.000322 
0.001822 
0.014842 
3e-06 
1e-06 
1e-06 
2e-06 
2e-06 
1e-06 
4e-05 
3e-06 
6.4e-05 
1e-06 
1e-06 
4.8e-05 
6e-06 
1.2e-05 
6.3e-05 
2e-06 
5.2e-05 
2e-06 
1e-06 
0 
3.5e-05 
1e-06 
0.031129 
0.000282 
0.000248 
0.008219 
7.1e-05 
0.000592 
4e-06 
1e-06 
6.8e-05 
0.049578 
0.003203 
0.000286 
0.000194 
0.000281 
0.000231 
0.000342 
0.000244 
0.000269 
0.001746 
0.011727 
3e-06 
2e-06 
1e-06 
1e-06 
3e-06 
1e-06 
1e-06 
1e-06 
3.6e-05 
2e-06 
6.5e-05 
1e-06 
1e-06 
6e-05 
1e-06 
1e-06 
5.6e-05 
1e-06 
4.2e-05 
4e-06 
1.7e-05 
2e-06 
0.031641 
0.000449 
3e-06 
2e-06 
5.5e-05 
0.033062 
0.001947 
0.004952 
0.006852 
0.028054 
0.019426 
0.00041 
0.03743 
6e-06 
2e-06 
2e-06 
1e-06 
2e-06 
3.7e-05 
2e-06 
3.4e-05 
2e-06 
0.000627 
3e-06 
6.5e-05 
3e-06 
6.5e-05 
3e-06 
1e-06 
6.5e-05 
5e-06 
1e-06 
0.000216 
2e-06 
1e-06 
1e-06 
0.000451 
1e-06 
2e-06 
1e-06 
1e-06 
3.5e-05 
0.000117 
7.8e-05 
1e-06 
1e-06 
1e-06 
1e-06 
1e-06 
0.000473 
2e-06 
1e-06 
1e-06 
1e-06 
1e-06 
0.000259 
1e-06 
2e-06 
1e-06 
1e-06 
2e-06 
0.000466 
2e-06 
1e-06 
1e-06 
1e-06 
1e-06 
0.000238 
1e-06 
1e-06 
1e-06 
0.000246 
1e-06 
2e-06 
1e-06 
0.000241 
1e-06 
1e-06 
1e-06 
0.00026 
1e-06 
1e-06 
1e-06 
0.000222 
1e-06 
0.000246 
2e-06 
0.000246 
2e-06 
0.000236 
2e-06 
0.000244 
2e-06 
0.000242 
1e-06 
0.000245 
1e-06 
0.000242 
1e-06 
0.000872 
0.000936 
0.000972 
0.000741 
0.000738 
0.000749 
0.048896 
0.008678 
1e-05 
0.00929 
0.087632 
6e-05 
0.000348 
7e-06 
4.2e-05 
0.037889 
0.000383 
0.000111 
0.000477 
0.000235 
4e-06 
2e-06 
3.8e-05 
0.042905 
0.000401 
4e-06 
5.9e-05 
0.032818 
1.5e-05 
3.3e-05 
3e-06 
0.000639 
0.000279 
0.040944 
0.017019 
0.000331 
0.000271 
0.000219 
0.000296 
0.038679 
3e-05 
0.000372 
1.2e-05 
4.9e-05 
2.7e-05 
0.000246 
4.8e-05 
0.000112 
0.000153 
0.032007 
9.6e-05 
0.016748 
0.000467 
0.000211 
0.000548 
5e-06 
4.3e-05 
4e-06 
3.9e-05 
1.9e-05 
2.4e-05 
2.7e-05 
2e-06 
5.9e-05 
0.000466 
3e-06 
5.8e-05 
2e-06 
6e-05 
3e-06 
6.8e-05 
3e-06 
2e-06 
6.2e-05 
0.000149 
1e-06 
1e-06 
3.7e-05 
0.000479 
2e-06 
1e-06 
2e-06 
3.5e-05 
9e-06 
3.5e-05 
1e-06 
0.000418 
2e-06 
1e-06 
1e-06 
2e-06 
1e-06 
3.9e-05 
2e-06 
0.000416 
2e-06 
1e-06 
1e-06 
2e-06 
1e-06 
1e-06 
3.9e-05 
0.000441 
2e-06 
1e-06 
2e-06 
1e-06 
1e-06 
2e-06 
1e-06 
0.00048 
2e-06 
1e-06 
2e-06 
1e-06 
1e-06 
1e-06 
1e-06 
0.00046 
1e-06 
1e-06 
1e-06 
1e-06 
1e-06 
0.000237 
2e-06 
1e-06 
1e-06 
0.000247 
2e-06 
1e-06 
0.000309 
1e-06 
2e-06 
0.000178 
2e-06 
1e-06 
0.000266 
2e-06 
1e-06 
0.000211 
1e-06 
2e-06 
0.000272 
2e-06 
1e-06 
0.000252 
2e-06 
1e-06 
0.000281 
3e-06 
1e-06 
0.000242 
0.007168 
0.035351 
0.000317 
0.000209 
0.000294 
0.039876 
4.8e-05 
4e-05 
5.2e-05 
0.000211 
0.000119 
5.3e-05 
5.8e-05 
1.5e-05 
4.3e-05 
0.000469 
0.000129 
0.000562 
0.000406 
0.000461 
0.00042 
0.000388 
0.000376 
0.000347 
0.000235 
0.000354 
0.000311 
0.000606 
0.000354 
0.000392 
5e-06 
3e-06 
2e-06 
1e-06 
8.8e-05 
0.035315 
0.000274 
3e-06 
5.7e-05 
0.033254 
1.9e-05 
8e-06 
2.2e-05 
1.4e-05 
1.4e-05 
4.4e-05 
0.00056 
0.000402 
0.000379 
0.065308 
0.016992 
0.000466 
0.000437 
0.000462 
0.000328 
0.037834 
0.000455 
0.000159 
0.03674 
0.000388 
0.000112 
0.000521 
0.000409 
0.000307 
0.000231 
0.000242 
0.000371 
0.000685 
0.000244 
0.000247 
0.000101 
0.000669 
0.000307 
0.038181 
0.000394 
2.9e-05 
0.037918 
5e-06 
5e-06 
2e-06 
2e-06 
3e-06 
1e-06 
2e-06 
3e-06 
2e-06 
0.000744 
2e-06 
1e-06 
1e-06 
1e-06 
1e-06 
9e-05 
5e-06 
1e-06 
1e-06 
1e-06 
0.000225 
1e-06 
1e-06 
1e-06 
0.000233 
1e-06 
1e-06 
1e-06 
0.000261 
1e-06 
0.001127 
0.000666 
0.007175 
0.037785 
2.9e-05 
0.000398 
1.1e-05 
2.4e-05 
0.000431 
0.000389 
3.6e-05 
0.000344 
3e-05 
7e-06 
4e-06 
2e-06 
2e-06 
8e-06 
4.3e-05 
2e-06 
2e-06 
3.3e-05 
0.000605 
3e-06 
2e-06 
2e-06 
2e-06 
2e-06 
0.00016 
2e-06 
2e-06 
2e-06 
0.000256 
3e-06 
7.5e-05 
0.000238 
0.000215 
0.000516 
0.000216 
0.000499 
0.000268 
0.000397 
0.000132 
0.000481 
0.00046 
0.000405 
0.000404 
0.000486 
0.0005 
0.000361 
0.000309 
0.000811 
0.00033 
0.000409 
6e-06 
3e-06 
2e-06 
2e-06 
3.7e-05 
0.027895 
0.000541 
1.1e-05 
5.5e-05 
0.032897 
5.9e-05 
4.3e-05 
4.5e-05 
4.2e-05 
4.2e-05 
4e-05 
0.000397 
0.000358 
0.000246 
0.000127 
0.057117 
0.016843 
0.000517 
0.000474 
0.000505 
0.000443 
0.03724 
3.1e-05 
0.000392 
1.2e-05 
0.000275 
3.2e-05 
2.9e-05 
0.000336 
1.4e-05 
0.00027 
3e-05 
0.000323 
1.4e-05 
0.000328 
