#Exponential aproximation (mean) vs Original set
#ExpMe(x), ExpMe(CDF) 
0,0
0.07212258636363636,0.3969144657989493
0.1442451727272727,0.6362878384374333
0.2163677590909091,0.7806504567486205
0.2884903454545454,0.8677134635314854
0.3606129318181818,0.920219903486279
0.4327355181818182,0.9518857778754113
0.5048581045454545,0.9709830086473243
0.5769806909090909,0.9825002722691644
0.6491032772727272,0.989446167353076
0.7212258636363635,0.9936351362002613
0.79334845,0.9961614427152177
0.8654710363636363,0.9976850216293457
0.9375936227272726,0.99860387003267
1.009716209090909,0.9991580142128388
1.081838795454545,0.9994922105517602
1.153961381818182,0.9996937595293466
1.226083968181818,0.999815310802162
1.298206554545454,0.9998886166164607
1.370329140909091,0.9999328262926371
1.442451727272727,0.9999594885088108
1.514574313636364,0.9999755681056949
1.5866969,0.9999852654779714
1.658819486363636,0.9999911138229112
1.730942072727273,0.9999946408751434
1.803064659090909,0.999996767989323
1.875187245454545,0.9999980508211144
1.947309831818182,0.9999988244784105
2.019432418181818,0.9999992910599342
2.091555004545454,0.9999995724485017
2.163677590909091,0.9999997421498763
2.235800177272727,0.9999998444943203
2.307922763636364,0.9999999062167741
2.38004535,0.9999999434406931
2.452167936363636,0.9999999658899003
2.524290522727273,0.9999999794286922
2.596413109090909,0.9999999875937419
2.668535695454545,0.9999999925179652
2.740658281818181,0.999999995487693
2.812780868181818,0.9999999972786929
2.884903454545454,0.999999998358819
2.957026040909091,0.9999999990102275
3.029148627272727,0.9999999994030826
3.101271213636363,0.9999999996400077
3.1733938,0.9999999997828939
3.245516386363636,0.9999999998690664
3.317638972727273,0.9999999999210358
3.389761559090909,0.9999999999523779
3.461884145454545,0.9999999999712798
3.534006731818182,0.9999999999826793
3.606129318181818,0.9999999999895541
3.678251904545454,0.9999999999937003
3.750374490909091,0.9999999999962007
3.822497077272727,0.9999999999977087
3.894619663636363,0.9999999999986181
3.96674225,0.9999999999991667
4.038864836363636,0.9999999999994974
4.110987422727272,0.9999999999996969
4.183110009090909,0.9999999999998171
4.255232595454546,0.9999999999998898
4.327355181818182,0.9999999999999335
4.399477768181818,0.9999999999999599
4.471600354545454,0.9999999999999758
4.543722940909091,0.9999999999999855
4.615845527272727,0.9999999999999912
4.687968113636363,0.9999999999999947
4.7600907,0.9999999999999968
4.832213286363636,0.9999999999999981
4.904335872727272,0.9999999999999989
4.976458459090908,0.9999999999999993
5.048581045454545,0.9999999999999996
5.120703631818182,0.9999999999999998
5.192826218181818,0.9999999999999999
5.264948804545455,0.9999999999999999
5.337071390909091,0.9999999999999999
5.409193977272727,1
5.481316563636363,1
5.55343915,1
5.625561736363636,1
5.697684322727272,1
5.769806909090908,1
5.841929495454545,1
5.914052081818181,1
5.986174668181818,1
6.058297254545455,1
6.130419840909091,1
6.202542427272727,1
6.274665013636363,1
6.3467876,1
6.418910186363636,1
6.491032772727272,1
6.563155359090909,1
6.635277945454545,1
6.707400531818181,1
6.779523118181817,1
6.851645704545454,1
6.923768290909091,1
6.995890877272727,1
7.068013463636364,1
7.14013605,1
