#Cauchy - Cost J(iterations) convergence
#iterations, J(iterations)
1,68702556072.24837
2,68700212583.58336
3,68697881966.41577
4,68695563992.3671
5,68693258437.59356
6,68690965082.69576
7,68688683712.62995
8,68686414116.62112
9,68684156088.07774
10,68681909424.50835
11,68679673927.43966
12,68677449402.33643
13,68675235658.52285
14,68673032509.10548
15,68670839770.8978
16,68668657264.34627
17,68666484813.4578
18,68664322245.7286
19,68662169392.0747
20,68660026086.76363
21,68657892167.34756
22,68655767474.59767
23,68653651852.44006
24,68651545147.89267
25,68649447211.00359
26,68647357894.79066
27,68645277055.18214
28,68643204550.95872
29,68641140243.69644
30,68639083997.71113
31,68637035680.0035
32,68634995160.20576
33,68632962310.52901
34,68630937005.71175
35,68628919122.96961
36,68626908541.94569
37,68624905144.66233
38,68622908815.47346
39,68620919441.01827
40,68618936910.17542
41,68616961114.01846
42,68614991945.77204
43,68613029300.76896
44,68611073076.40807
45,68609123172.11311
46,68607179489.29233
47,68605241931.29881
48,68603310403.39165
49,68601384812.69807
50,68599465068.17604
51,68597551080.57777
52,68595642762.41385
53,68593740027.91835
54,68591842793.01421
55,68589950975.27971
56,68588064493.91537
57,68586183269.71163
58,68584307225.01708
59,68582436283.70743
60,68580570371.15496
61,68578709414.19881
62,68576853341.11556
63,68575002081.59064
64,68573155566.69022
65,68571313728.83366
66,68569476501.76649
67,68567643820.53404
68,68565815621.45542
69,68563991842.09808
70,68562172421.25308
71,68560357298.91054
72,68558546416.2357
73,68556739715.54566
74,68554937140.28617
75,68553138635.00933
76,68551344145.35141
77,68549553618.01117
78,68547767000.72889
79,68545984242.26534
80,68544205292.38155
81,68542430101.81895
82,68540658622.27966
83,68538890806.40733
84,68537126607.76859
85,68535365980.83433
86,68533608880.96191
87,68531855264.37737
88,68530105088.15814
89,68528358310.21607
90,68526614889.28075
91,68524874784.88323
92,68523137957.34006
93,68521404367.73763
94,68519673977.91682
95,68517946750.45789
96,68516222648.66579
97,68514501636.55576
98,68512783678.8391
99,68511068740.90933
100,68509356788.82855
101,68507647789.31419
102,68505941709.72581
103,68504238518.05247
104,68502538182.90011
105,68500840673.47916
106,68499145959.59266
107,68497454011.62429
108,68495764800.52695
109,68494078297.81128
110,68492394475.53465
111,68490713306.29018
112,68489034763.19609
113,68487358819.88536
114,68485685450.49519
115,68484014629.65727
116,68482346332.4877
117,68480680534.57745
118,68479017211.9829
119,68477356341.21648
120,68475697899.23767
121,68474041863.44406
122,68472388211.66264
123,68470736922.14124
124,68469087973.54013
125,68467441344.92384
126,68465797015.75307
127,68464154965.87682
128,68462515175.52466
129,68460877625.29913
130,68459242296.16834
131,68457609169.4587
132,68455978226.84775
133,68454349450.35715
134,68452722822.34592
135,68451098325.50366
136,68449475942.8439
137,68447855657.69784
138,68446237453.70786
139,68444621314.82135
140,68443007225.28475
141,68441395169.63741
142,68439785132.70598
143,68438177099.59853
144,68436571055.69901
145,68434966986.66175
146,68433364878.40605
147,68431764717.11104
148,68430166489.21033
149,68428570181.38709
150,68426975780.56893
151,68425383273.92331
152,68423792648.85239
153,68422203892.98872
154,68420616994.19048
155,68419031940.53696
156,68417448720.32432
157,68415867322.06115
158,68414287734.46419
159,68412709946.45446
160,68411133947.15288
161,68409559725.87652
162,68407987272.13461
163,68406416575.62468
164,68404847626.22898
165,68403280414.01062
166,68401714929.21011
167,68400151162.24177
168,68398589103.69031
169,68397028744.30741
170,68395470075.00848
171,68393913086.86928
172,68392357771.12289
173,68390804119.15648
174,68389252122.5083
175,68387701772.86462
176,68386153062.05688
177,68384605982.0588
178,68383060524.98344
179,68381516683.08057
180,68379974448.73389
181,68378433814.45844
182,68376894772.89792
183,68375357316.82217
184,68373821439.12462
185,68372287132.81998
186,68370754391.04169
187,68369223207.03961
188,68367693574.17774
189,68366165485.93199
190,68364638935.88787
191,68363113917.73833
192,68361590425.28178
193,68360068452.41979
194,68358547993.15517
195,68357029041.59
196,68355511591.92355
197,68353995638.45048
198,68352481175.55882
199,68350968197.72824
200,68349456699.52819
201,68347946675.61613
202,68346438120.73578
203,68344931029.71542
204,68343425397.46622
205,68341921218.98064
206,68340418489.33075
207,68338917203.66672
208,68337417357.21527
209,68335918945.27808
210,68334421963.23045
211,68332926406.51973
212,68331432270.66398
213,68329939551.25047
214,68328448243.93449
215,68326958344.43778
216,68325469848.5474
217,68323982752.11444
218,68322497051.0526
219,68321012741.33714
220,68319529819.00352
221,68318048280.14636
222,68316568120.91819
223,68315089337.52824
224,68313611926.24151
225,68312135883.37753
226,68310661205.30927
227,68309187888.46225
228,68307715929.31333
229,68306245324.38985
230,68304776070.26846
231,68303308163.57436
232,68301841600.98022
233,68300376379.20526
234,68298912495.01437
235,68297449945.21713
236,68295988726.66714
237,68294528836.26091
238,68293070270.93719
239,68291613027.67603
240,68290157103.49807
241,68288702495.46371
242,68287249200.6723
243,68285797216.26139
244,68284346539.40608
245,68282897167.31811
246,68281449097.2453
247,68280002326.47074
248,68278556852.31223
249,68277112672.12145
250,68275669783.28342
251,68274228183.21578
252,68272787869.36817
253,68271348839.22165
254,68269911090.28805
255,68268474620.10935
256,68267039426.25716
257,68265605506.33212
258,68264172857.96329
259,68262741478.80761
260,68261311366.54948
261,68259882518.90005
262,68258454933.59679
263,68257028608.40303
264,68255603541.10741
265,68254179729.52328
266,68252757171.48841
267,68251335864.8645
268,68249915807.53654
269,68248496997.41254
270,68247079432.42303
271,68245663110.52058
272,68244248029.67945
273,68242834187.8952
274,68241421583.18409
275,68240010213.58293
276,68238600077.14854
277,68237191171.95732
278,68235783496.10513
279,68234377047.70656
280,68232971824.89485
281,68231567825.82143
282,68230165048.65554
283,68228763491.58399
284,68227363152.81072
285,68225964030.55653
286,68224566123.05877
287,68223169428.57097
288,68221773945.3626
289,68220379671.71877
290,68218986605.93977
291,68217594746.34107
292,68216204091.25276
293,68214814639.01946
294,68213426387.99992
295,68212039336.56689
296,68210653483.10667
297,68209268826.01904
298,68207885363.71695
299,68206503094.62611
300,68205122017.18507
301,68203742129.84467
302,68202363431.06802
303,68200985919.33017
304,68199609593.11787
305,68198234450.92946
306,68196860491.2745
307,68195487712.67378
308,68194116113.65887
309,68192745692.77205
310,68191376448.56613
311,68190008379.60416
312,68188641484.45938
313,68187275761.71484
314,68185911209.96346
315,68184547827.80765
316,68183185613.85918
317,68181824566.73905
318,68180464685.07738
319,68179105967.5131
320,68177748412.69386
321,68176392019.27587
322,68175036785.92377
323,68173682711.31047
324,68172329794.11691
325,68170978033.03204
326,68169627426.75266
327,68168277973.98315
328,68166929673.43552
329,68165582523.8291
330,68164236523.89053
331,68162891672.35361
332,68161547967.95909
333,68160205409.45469
334,68158863995.5948
335,68157523725.14053
336,68156184596.8595
337,68154846609.5257
338,68153509761.91951
339,68152174052.82742
340,68150839481.04198
341,68149506045.36182
342,68148173744.59135
343,68146842577.54082
344,68145512543.02608
345,68144183639.86861
346,68142855866.8953
347,68141529222.93852
348,68140203706.83582
349,68138879317.43005
350,68137556053.56906
351,68136233914.10583
352,68134912897.89821
353,68133593003.80894
354,68132274230.70551
355,68130956577.46013
356,68129640042.94957
357,68128324626.05522
358,68127010325.66284
359,68125697140.66268
360,68124385069.94923
361,68123074112.4212
362,68121764266.98156
363,68120455532.53734
364,68119147907.99958
365,68117841392.28339
366,68116535984.30765
367,68115231682.99522
368,68113928487.27267
369,68112626396.07032
370,68111325408.3221
371,68110025522.96563
372,68108726738.94201
373,68107429055.1959
374,68106132470.67529
375,68104836984.3317
376,68103542595.11986
377,68102249301.99783
378,68100957103.9269
379,68099665999.87154
380,68098375988.7993
381,68097087069.68095
382,68095799241.49007
383,68094512503.20348
384,68093226853.80078
385,68091942292.2645
386,68090658817.58006
387,68089376428.73571
388,68088095124.72246
389,68086814904.53399
390,68085535767.16673
391,68084257711.61978
392,68082980736.89487
393,68081704841.99622
394,68080430025.93066
395,68079156287.70753
396,68077883626.33861
397,68076612040.83813
398,68075341530.22269
399,68074072093.51135
400,68072803729.72539
401,68071536437.88847
402,68070270217.02652
403,68069005066.16761
404,68067740984.34216
405,68066477970.58272
406,68065216023.92396
407,68063955143.40266
408,68062695328.0578
409,68061436576.93032
410,68060178889.06323
411,68058922263.50161
412,68057666699.29243
413,68056412195.48473
414,68055158751.12939
415,68053906365.27926
416,68052655036.98911
417,68051404765.3155
418,68050155549.31688
419,68048907388.05356
420,68047660280.58752
421,68046414225.98269
422,68045169223.30461
423,68043925271.62064
424,68042682369.99984
425,68041440517.51295
426,68040199713.23238
427,68038959956.23222
428,68037721245.58819
429,68036483580.37762
430,68035246959.67947
431,68034011382.57426
432,68032776848.14404
433,68031543355.4725
434,68030310903.64478
435,68029079491.74755
436,68027849118.86903
437,68026619784.09889
438,68025391486.52824
439,68024164225.24966
440,68022937999.35722
441,68021712807.94635
442,68020488650.11387
443,68019265524.95809
444,68018043431.57863
445,68016822369.07649
446,68015602336.55402
447,68014383333.11492
448,68013165357.86421
449,68011948409.90825
450,68010732488.35469
451,68009517592.31242
452,68008303720.89171
453,68007090873.204
454,68005879048.36207
455,68004668245.47985
456,68003458463.67262
457,68002249702.05678
458,68001041959.75002
459,67999835235.87117
460,67998629529.54029
461,67997424839.8786
462,67996221166.00851
463,67995018507.0536
464,67993816862.13858
465,67992616230.38934
466,67991416610.93282
467,67990218002.89722
468,67989020405.41171
469,67987823817.60671
470,67986628238.61363
471,67985433667.56503
472,67984240103.59453
473,67983047545.83685
474,67981855993.42777
475,67980665445.50409
476,67979475901.2037
477,67978287359.66558
478,67977099820.02966
479,67975913281.43694
480,67974727743.02947
481,67973543203.95026
482,67972359663.34343
483,67971177120.35396
484,67969995574.12793
485,67968815023.81241
486,67967635468.55543
487,67966456907.50597
488,67965279339.81403
489,67964102764.63058
490,67962927181.10751
491,67961752588.39768
492,67960578985.65491
493,67959406372.03398
494,67958234746.69058
495,67957064108.78132
496,67955894457.46379
497,67954725791.89644
498,67953558111.23871
499,67952391414.65089
500,67951225701.29421
501,67950060970.3308
502,67948897220.92368
503,67947734452.23676
504,67946572663.43488
505,67945411853.68367
506,67944252022.14977
507,67943093168.0006
508,67941935290.4045
509,67940778388.53063
510,67939622461.54906
511,67938467508.63074
512,67937313528.94738
513,67936160521.67165
514,67935008485.97703
515,67933857421.03778
516,67932707326.02911
517,67931558200.12699
518,67930410042.50827
519,67929262852.35056
520,67928116628.83241
521,67926971371.13307
522,67925827078.43274
523,67924683749.91228
524,67923541384.75353
525,67922399982.13905
526,67921259541.25215
527,67920120061.27707
528,67918981541.39878
529,67917843980.80308
530,67916707378.67654
531,67915571734.2065
532,67914437046.58118
533,67913303314.98948
534,67912170538.62115
535,67911038716.66669
536,67909907848.31741
537,67908777932.76537
538,67907648969.20343
539,67906520956.8252
540,67905393894.82505
541,67904267782.39812
542,67903142618.74037
543,67902018403.04844
544,67900895134.51978
545,67899772812.35256
546,67898651435.74575
547,67897531003.89905
548,67896411516.01291
549,67895292971.28852
550,67894175368.92783
551,67893058708.13351
552,67891942988.10903
553,67890828208.05852
554,67889714367.18692
555,67888601464.69988
556,67887489499.80376
557,67886378471.70567
558,67885268379.61347
559,67884159222.73569
560,67883051000.28168
561,67881943711.46143
562,67880837355.48567
563,67879731931.5659
564,67878627438.91429
565,67877523876.74374
566,67876421244.26787
567,67875319540.70102
568,67874218765.25822
569,67873118917.15525
570,67872019995.60856
571,67870921999.83533
572,67869824929.05342
573,67868728782.48145
574,67867633559.33871
575,67866539258.84516
576,67865445880.22151
577,67864353422.68916
578,67863261885.47019
579,67862171267.78738
580,67861081568.8642
581,67859992787.92484
582,67858904924.19417
583,67857817976.89773
584,67856731945.26176
585,67855646828.51318
586,67854562625.87967
587,67853479336.58947
588,67852396959.8716
589,67851315494.95572
590,67850234941.07217
591,67849155297.45203
592,67848076563.32693
593,67846998737.92935
594,67845921820.49232
595,67844845810.24957
596,67843770706.43552
597,67842696508.28527
598,67841623215.03459
599,67840550825.9199
600,67839479340.17829
601,67838408757.04757
602,67837339075.76616
603,67836270295.57316
604,67835202415.70834
605,67834135435.41216
606,67833069353.92569
607,67832004170.49069
608,67830939884.34966
609,67829876494.74557
610,67828814000.92227
611,67827752402.12407
612,67826691697.59609
613,67825631886.58404
614,67824572968.33427
615,67823514942.09382
616,67822457807.11038
617,67821401562.63224
618,67820346207.90845
619,67819291742.1886
620,67818238164.72299
621,67817185474.76254
622,67816133671.55886
623,67815082754.36416
624,67814032722.4313
625,67812983575.01386
626,67811935311.36592
627,67810887930.74239
628,67809841432.39862
629,67808795815.59079
630,67807751079.57561
631,67806707223.6104
632,67805664246.95326
633,67804622148.86283
634,67803580928.59834
635,67802540585.41979
636,67801501118.58772
637,67800462527.3633
638,67799424811.00841
639,67798387968.78552
640,67797351999.95772
641,67796316903.78876
642,67795282679.54296
643,67794249326.48538
644,67793216843.88161
645,67792185230.99793
646,67791154487.10123
647,67790124611.45899
648,67789095603.33937
649,67788067462.01118
650,67787040186.74374
651,67786013776.80712
652,67784988231.47194
653,67783963550.00948
654,67782939731.69161
655,67781916775.79089
656,67780894681.5804
657,67779873448.33393
658,67778853075.32581
659,67777833561.83108
660,67776814907.12532
661,67775797110.4848
662,67774780171.18631
663,67773764088.50737
664,67772748861.72601
665,67771734490.12099
666,67770720972.97156
667,67769708309.55762
668,67768696499.1598
669,67767685541.05918
670,67766675434.53754
671,67765666178.87727
672,67764657773.36134
673,67763650217.27333
674,67762643509.89746
675,67761637650.51856
676,67760632638.422
677,67759628472.89387
678,67758625153.22074
679,67757622678.6899
680,67756621048.5892
681,67755620262.20705
682,67754620318.83253
683,67753621217.75533
684,67752622958.26566
685,67751625539.65442
686,67750628961.21308
687,67749633222.23372
688,67748638322.00896
689,67747644259.83209
690,67746651034.99702
691,67745658646.79818
692,67744667094.53069
693,67743676377.49014
694,67742686494.97283
695,67741697446.27563
696,67740709230.69601
697,67739721847.53198
698,67738735296.08221
699,67737749575.64594
700,67736764685.52301
701,67735780625.01383
702,67734797393.41945
703,67733814990.04145
704,67732833414.18207
705,67731852665.14408
706,67730872742.23086
707,67729893644.74641
708,67728915371.99529
709,67727937923.28267
710,67726961297.91425
711,67725985495.19637
712,67725010514.43597
713,67724036354.94054
714,67723063016.01817
715,67722090496.97755
716,67721118797.12792
717,67720147915.77914
718,67719177852.24162
719,67718208605.82639
720,67717240175.84503
721,67716272561.60973
722,67715305762.43324
723,67714339777.62889
724,67713374606.5106
725,67712410248.3929
726,67711446702.59087
727,67710483968.42009
728,67709522045.19688
729,67708560932.23807
730,67707600628.86095
731,67706641134.38358
732,67705682448.12447
733,67704724569.40276
734,67703767497.53809
735,67702811231.85083
736,67701855771.66174
737,67700901116.29227
738,67699947265.06441
739,67698994217.30075
740,67698041972.32437
741,67697090529.45905
742,67696139888.02903
743,67695190047.35915
744,67694241006.77486
745,67693292765.60213
746,67692345323.16753
747,67691398678.7982
748,67690452831.82183
749,67689507781.56668
750,67688563527.36155
751,67687620068.5359
752,67686677404.41966
753,67685735534.34335
754,67684794457.63811
755,67683854173.63554
756,67682914681.6679
757,67681975981.06796
758,67681038071.16912
759,67680100951.30524
760,67679164620.8108
761,67678229079.02084
762,67677294325.27098
763,67676360358.89735
764,67675427179.2367
765,67674494785.62627
766,67673563177.40395
767,67672632353.90809
768,67671702314.47766
769,67670773058.45219
770,67669844585.1717
771,67668916893.97687
772,67667989984.20886
773,67667063855.20943
774,67666138506.32083
775,67665213936.88592
776,67664290146.24815
777,67663367133.75143
778,67662444898.74026
779,67661523440.55975
780,67660602758.55547
781,67659682852.07365
782,67658763720.46091
783,67657845363.0646
784,67656927779.23253
785,67656010968.31303
786,67655094929.65506
787,67654179662.60805
788,67653265166.52206
789,67652351440.74763
790,67651438484.63586
791,67650526297.53844
792,67649614878.80756
793,67648704227.79599
794,67647794343.85702
795,67646885226.34448
796,67645976874.61275
797,67645069288.01682
798,67644162465.91207
799,67643256407.65463
800,67642351112.60101
801,67641446580.10828
802,67640542809.53413
803,67639639800.23676
804,67638737551.57487
805,67637836062.90773
806,67636935333.59521
807,67636035362.99757
808,67635136150.47576
809,67634237695.39119
810,67633339997.10584
811,67632443054.98219
812,67631546868.3833
813,67630651436.67272
814,67629756759.21463
815,67628862835.37363
816,67627969664.51489
817,67627077246.00419
818,67626185579.20774
819,67625294663.49236
820,67624404498.22533
821,67623515082.77457
822,67622626416.50843
823,67621738498.79582
824,67620851329.00624
825,67619964906.50963
826,67619079230.67655
827,67618194300.87798
828,67617310116.4856
829,67616426676.87141
830,67615543981.40811
831,67614662029.46886
832,67613780820.42732
833,67612900353.65777
834,67612020628.53489
835,67611141644.43398
836,67610263400.73087
837,67609385896.80186
838,67608509132.0238
839,67607633105.77408
840,67606757817.43061
841,67605883266.37178
842,67605009451.97659
843,67604136373.62451
844,67603264030.6955
845,67602392422.57008
846,67601521548.62934
847,67600651408.25479
848,67599782000.82855
849,67598913325.7332
850,67598045382.3519
851,67597178170.06824
852,67596311688.26645
853,67595445936.33116
854,67594580913.6476
855,67593716619.60147
856,67592853053.57903
857,67591990214.96703
858,67591128103.1527
859,67590266717.52386
860,67589406057.46886
861,67588546122.37645
862,67587686911.63597
863,67586828424.63729
864,67585970660.77078
865,67585113619.42729
866,67584257299.99825
867,67583401701.87549
868,67582546824.45147
869,67581692667.11913
870,67580839229.27188
871,67579986510.30369
872,67579134509.60901
873,67578283226.58278
874,67577432660.62053
875,67576582811.11819
876,67575733677.47233
877,67574885259.0799
878,67574037555.33842
879,67573190565.64596
880,67572344289.40097
881,67571498726.00255
882,67570653874.85018
883,67569809735.34396
884,67568966306.88445
885,67568123588.87267
886,67567281580.71018
887,67566440281.7991
888,67565599691.54193
889,67564759809.34181
890,67563920634.60226
891,67563082166.72739
892,67562244405.12175
893,67561407349.19048
894,67560570998.33913
895,67559735351.97375
896,67558900409.50098
897,67558066170.32789
898,67557232633.86205
899,67556399799.51155
900,67555567666.68499
901,67554736234.79142
902,67553905503.24044
903,67553075471.44211
904,67552246138.80703
905,67551417504.74622
906,67550589568.67128
907,67549762329.99427
908,67548935788.12774
909,67548109942.48476
910,67547284792.47884
911,67546460337.52405
912,67545636577.03489
913,67544813510.42644
914,67543991137.11416
915,67543169456.51408
916,67542348468.04274
917,67541528171.11709
918,67540708565.15464
919,67539889649.57336
920,67539071423.79169
921,67538253887.22864
922,67537437039.30363
923,67536620879.43657
924,67535805407.04794
925,67534990621.55862
926,67534176522.38998
927,67533363108.96399
928,67532550380.70293
929,67531738337.02972
930,67530926977.3677
931,67530116301.14071
932,67529306307.77302
933,67528496996.68951
934,67527688367.3154
935,67526880419.07649
936,67526073151.39904
937,67525266563.70979
938,67524460655.43594
939,67523655426.00522
940,67522850874.84583
941,67522047001.38638
942,67521243805.05607
943,67520441285.28452
944,67519639441.50182
945,67518838273.1386
946,67518037779.6259
947,67517237960.39531
948,67516438814.87879
949,67515640342.50889
950,67514842542.71859
951,67514045414.94138
952,67513248958.61115
953,67512453173.16235
954,67511658058.02985
955,67510863612.64905
956,67510069836.45577
957,67509276728.88635
958,67508484289.37756
959,67507692517.36668
960,67506901412.29146
961,67506110973.59013
962,67505321200.70137
963,67504532093.06431
964,67503743650.11862
965,67502955871.30445
966,67502168756.06229
967,67501382303.83323
968,67500596514.05881
969,67499811386.18098
970,67499026919.64225
971,67498243113.88554
972,67497459968.35422
973,67496677482.49218
974,67495895655.74377
975,67495114487.55377
976,67494333977.36748
977,67493554124.63061
978,67492774928.7894
979,67491996389.29052
980,67491218505.58109
981,67490441277.10875
982,67489664703.32153
983,67488888783.668
984,67488113517.59713
985,67487338904.55841
986,67486564944.00176
987,67485791635.37761
988,67485018978.13673
989,67484246971.73051
990,67483475615.61071
991,67482704909.22958
992,67481934852.03977
993,67481165443.49454
994,67480396683.04745
995,67479628570.15257
996,67478861104.26452
997,67478094284.83823
998,67477328111.32919
999,67476562583.19332
1000,67475797699.88699
1001,67475033460.86706
1002,67474269865.59082
1003,67473506913.51603
1004,67472744604.10089
1005,67471982936.80406
1006,67471221911.08468
1007,67470461526.40232
1008,67469701782.21698
1009,67468942677.9892
1010,67468184213.17989
1011,67467426387.25047
1012,67466669199.66278
1013,67465912649.87913
1014,67465156737.36226
1015,67464401461.57536
1016,67463646821.98214
1017,67462892818.04668
1018,67462139449.23357
1019,67461386715.00778
1020,67460634614.83482
1021,67459883148.1806
1022,67459132314.51147
1023,67458382113.29425
1024,67457632543.99622
1025,67456883606.08507
1026,67456135299.02898
1027,67455387622.29656
1028,67454640575.35683
1029,67453894157.67934
1030,67453148368.73404
1031,67452403207.99132
1032,67451658674.92199
1033,67450914768.99738
1034,67450171489.68922
1035,67449428836.46969
1036,67448686808.81139
1037,67447945406.18739
1038,67447204628.07126
1039,67446464473.93691
1040,67445724943.25874
1041,67444986035.51159
1042,67444247750.17075
1043,67443510086.71197
1044,67442773044.61137
1045,67442036623.34561
1046,67441300822.39171
1047,67440565641.22716
1048,67439831079.32992
1049,67439097136.17831
1050,67438363811.25117
1051,67437631104.02779
1052,67436899013.98776
1053,67436167540.61129
1054,67435436683.37892
1055,67434706441.77165
1056,67433976815.2709
1057,67433247803.35857
1058,67432519405.51695
1059,67431791621.22882
1060,67431064449.97735
1061,67430337891.24612
1062,67429611944.51924
1063,67428886609.28117
1064,67428161885.01685
1065,67427437771.21162
1066,67426714267.35126
1067,67425991372.92202
1068,67425269087.41057
1069,67424547410.30395
1070,67423826341.08968
1071,67423105879.25578
1072,67422386024.29055
1073,67421666775.68285
1074,67420948132.92194
1075,67420230095.49747
1076,67419512662.89953
1077,67418795834.6187
1078,67418079610.14589
1079,67417363988.97255
1080,67416648970.59045
1081,67415934554.49185
1082,67415220740.16945
1083,67414507527.11635
1084,67413794914.82605
1085,67413082902.79255
1086,67412371490.5102
1087,67411660677.47384
1088,67410950463.17866
1089,67410240847.12036
1090,67409531828.79504
1091,67408823407.69915
1092,67408115583.32967
1093,67407408355.18394
1094,67406701722.75975
1095,67405995685.55531
1096,67405290243.06922
1097,67404585394.80058
1098,67403881140.24879
1099,67403177478.91379
1100,67402474410.29588
1101,67401771933.89582
1102,67401070049.21473
1103,67400368755.75421
1104,67399668053.01624
1105,67398967940.50323
1106,67398268417.71803
1107,67397569484.16389
1108,67396871139.34447
1109,67396173382.76389
1110,67395476213.92661
1111,67394779632.33758
1112,67394083637.50215
1113,67393388228.92608
1114,67392693406.11552
1115,67391999168.57707
1116,67391305515.81774
1117,67390612447.34496
1118,67389919962.66656
1119,67389228061.29077
1120,67388536742.72628
1121,67387846006.48217
1122,67387155852.06791
1123,67386466278.99345
1124,67385777286.76903
1125,67385088874.90547
1126,67384401042.91383
1127,67383713790.30574
1128,67383027116.59313
1129,67382341021.28837
1130,67381655503.90427
1131,67380970563.95401
1132,67380286200.9512
1133,67379602414.40986
1134,67378919203.84443
1135,67378236568.76973
1136,67377554508.70104
1137,67376873023.15393
1138,67376192111.64457
1139,67375511773.68934
1140,67374832008.80517
1141,67374152816.50933
1142,67373474196.31949
1143,67372796147.75377
1144,67372118670.33064
1145,67371441763.56908
1146,67370765426.98833
1147,67370089660.10812
1148,67369414462.44862
1149,67368739833.5303
1150,67368065772.87411
1151,67367392280.0014
1152,67366719354.43388
1153,67366046995.69371
1154,67365375203.30343
1155,67364703976.786
1156,67364033315.66472
1157,67363363219.46336
1158,67362693687.70609
1159,67362024719.91745
1160,67361356315.62238
1161,67360688474.34627
1162,67360021195.61478
1163,67359354478.95415
1164,67358688323.89088
1165,67358022729.95197
1166,67357357696.66471
1167,67356693223.55688
1168,67356029310.15659
1169,67355365955.9924
1170,67354703160.59326
1171,67354040923.48849
1172,67353379244.2078
1173,67352718122.28135
1174,67352057557.23966
1175,67351397548.61363
1176,67350738095.93456
1177,67350079198.73421
1178,67349420856.54462
1179,67348763068.89834
1180,67348105835.32821
1181,67347449155.36756
1182,67346793028.55003
1183,67346137454.40971
1184,67345482432.48104
1185,67344827962.29891
1186,67344174043.39854
1187,67343520675.31556
1188,67342867857.58604
1189,67342215589.74633
1190,67341563871.33332
1191,67340912701.88415
1192,67340262080.93644
1193,67339612008.02814
1194,67338962482.69765
1195,67338313504.4837
1196,67337665072.92548
1197,67337017187.56248
1198,67336369847.93464
1199,67335723053.58224
1200,67335076804.04604
1201,67334431098.86706
1202,67333785937.58679
1203,67333141319.74709
1204,67332497244.89024
1205,67331853712.55878
1206,67331210722.29578
1207,67330568273.64469
1208,67329926366.14919
1209,67329284999.35348
1210,67328644172.80214
1211,67328003886.04008
1212,67327364138.61265
1213,67326724930.06548
1214,67326086259.94474
1215,67325448127.79683
1216,67324810533.16863
1217,67324173475.60735
1218,67323536954.66062
1219,67322900969.87642
1220,67322265520.80312
1221,67321630606.98952
1222,67320996227.98465
1223,67320362383.33813
1224,67319729072.59978
1225,67319096295.31992
1226,67318464051.04919
1227,67317832339.33861
1228,67317201159.73956
1229,67316570511.80387
1230,67315940395.08367
1231,67315310809.13153
1232,67314681753.50032
1233,67314053227.74339
1234,67313425231.41438
1235,67312797764.06732
1236,67312170825.25666
1237,67311544414.53719
1238,67310918531.46406
1239,67310293175.59286
1240,67309668346.47945
1241,67309044043.68019
1242,67308420266.7517
1243,67307797015.25103
1244,67307174288.73563
1245,67306552086.76325
1246,67305930408.89204
1247,67305309254.68056
1248,67304688623.68773
1249,67304068515.47279
1250,67303448929.59541
1251,67302829865.61558
1252,67302211323.09372
1253,67301593301.59055
1254,67300975800.66726
1255,67300358819.88528
1256,67299742358.80653
1257,67299126416.99321
1258,67298510994.00796
1259,67297896089.41371
1260,67297281702.77386
1261,67296667833.65208
1262,67296054481.61244
1263,67295441646.21943
1264,67294829327.03782
1265,67294217523.63278
1266,67293606235.56991
1267,67292995462.41505
1268,67292385203.73454
1269,67291775459.09499
1270,67291166228.0634
1271,67290557510.20716
1272,67289949305.09399
1273,67289341612.292
1274,67288734431.36964
1275,67288127761.89574
1276,67287521603.43951
1277,67286915955.57049
1278,67286310817.85859
1279,67285706189.87409
1280,67285102071.18764
1281,67284498461.37022
1282,67283895359.99322
1283,67283292766.62835
1284,67282690680.84769
1285,67282089102.22369
1286,67281488030.32916
1287,67280887464.73726
1288,67280287405.02151
1289,67279687850.7558
1290,67279088801.51437
1291,67278490256.87185
1292,67277892216.40315
1293,67277294679.68359
1294,67276697646.28889
1295,67276101115.79508
1296,67275505087.77848
1297,67274909561.81594
1298,67274314537.48449
1299,67273720014.36162
1300,67273125992.0251
1301,67272532470.05315
1302,67271939448.02428
1303,67271346925.51742
1304,67270754902.1117
1305,67270163377.38679
1306,67269572350.92262
1307,67268981822.29949
1308,67268391791.09804
1309,67267802256.89928
1310,67267213219.28458
1311,67266624677.83564
1312,67266036632.13451
1313,67265449081.76363
1314,67264862026.30574
1315,67264275465.344
1316,67263689398.46185
1317,67263103825.2431
1318,67262518745.27196
1319,67261934158.13291
1320,67261350063.41084
1321,67260766460.69098
1322,67260183349.55886
1323,67259600729.60046
1324,67259018600.40202
1325,67258436961.55015
1326,67257855812.63181
1327,67257275153.23431
1328,67256694982.94536
1329,67256115301.3529
1330,67255536108.04535
1331,67254957402.61134
1332,67254379184.63997
1333,67253801453.72062
1334,67253224209.44301
1335,67252647451.39728
1336,67252071179.17379
1337,67251495392.36339
1338,67250920090.55714
1339,67250345273.34653
1340,67249770940.32336
1341,67249197091.0798
1342,67248623725.20833
1343,67248050842.30182
1344,67247478441.95341
1345,67246906523.75662
1346,67246335087.3054
1347,67245764132.19386
1348,67245193658.01658
1349,67244623664.3685
1350,67244054150.84482
1351,67243485117.0411
1352,67242916562.55327
1353,67242348486.97762
1354,67241780889.91068
1355,67241213770.94945
1356,67240647129.69115
1357,67240080965.73344
1358,67239515278.67426
1359,67238950068.11189
1360,67238385333.64497
1361,67237821074.87248
1362,67237257291.39372
1363,67236693982.80833
1364,67236131148.71627
1365,67235568788.7179
1366,67235006902.41386
1367,67234445489.40514
1368,67233884549.29306
1369,67233324081.67931
1370,67232764086.16585
1371,67232204562.35503
1372,67231645509.84953
1373,67231086928.25233
1374,67230528817.16682
1375,67229971176.1966
1376,67229414004.94576
1377,67228857303.01856
1378,67228301070.01971
1379,67227745305.55421
1380,67227190009.22742
1381,67226635180.64498
1382,67226080819.41293
1383,67225526925.13755
1384,67224973497.42555
1385,67224420535.88393
1386,67223868040.12003
1387,67223316009.74143
1388,67222764444.35624
1389,67222213343.57268
1390,67221662706.99946
1391,67221112534.24551
1392,67220562824.92019
1393,67220013578.63313
1394,67219464794.99426
1395,67218916473.61392
1396,67218368614.10271
1397,67217821216.0716
1398,67217274279.13186
1399,67216727802.8951
1400,67216181786.97324
1401,67215636230.97855
1402,67215091134.52363
1403,67214546497.22139
1404,67214002318.68507
1405,67213458598.52824
1406,67212915336.36476
1407,67212372531.80889
1408,67211830184.47515
1409,67211288293.9784
1410,67210746859.93386
1411,67210205881.95703
1412,67209665359.66373
1413,67209125292.67015
1414,67208585680.59279
1415,67208046523.04839
1416,67207507819.65414
1417,67206969570.02748
1418,67206431773.78621
1419,67205894430.54838
1420,67205357539.93246
1421,67204821101.55714
1422,67204285115.04153
1423,67203749580.00501
1424,67203214496.06725
1425,67202679862.84829
1426,67202145679.96849
1427,67201611947.04848
1428,67201078663.7093
1429,67200545829.5722
1430,67200013444.25881
1431,67199481507.39111
1432,67198950018.59134
1433,67198418977.48204
1434,67197888383.68616
1435,67197358236.82687
1436,67196828536.52776
1437,67196299282.41261
1438,67195770474.10559
1439,67195242111.23122
1440,67194714193.41431
1441,67194186720.27992
1442,67193659691.4535
1443,67193133106.56081
1444,67192606965.2279
1445,67192081267.08114
1446,67191556011.74721
1447,67191031198.85313
1448,67190506828.02625
1449,67189982898.89412
1450,67189459411.08477
1451,67188936364.22642
1452,67188413757.94762
1453,67187891591.87731
1454,67187369865.64464
1455,67186848578.87914
1456,67186327731.21064
1457,67185807322.26925
1458,67185287351.68546
1459,67184767819.08998
1460,67184248724.1139
1461,67183730066.3886
1462,67183211845.54575
1463,67182694061.21739
1464,67182176713.03578
1465,67181659800.63356
1466,67181143323.64368
1467,67180627281.69936
1468,67180111674.43413
1469,67179596501.48188
1470,67179081762.47676
1471,67178567457.05323
1472,67178053584.84605
1473,67177540145.49036
1474,67177027138.62154
1475,67176514563.87528
1476,67176002420.88758
1477,67175490709.29475
1478,67174979428.73346
1479,67174468578.8406
1480,67173958159.25342
1481,67173448169.60943
1482,67172938609.54649
1483,67172429478.70277
1484,67171920776.71671
1485,67171412503.22704
1486,67170904657.87289
1487,67170397240.29356
1488,67169890250.12877
1489,67169383687.01849
1490,67168877550.60293
1491,67168371840.52277
1492,67167866556.41882
1493,67167361697.9323
1494,67166857264.70472
1495,67166353256.37781
1496,67165849672.5937
1497,67165346512.99477
1498,67164843777.22375
1499,67164341464.92359
1500,67163839575.73763
