#Exponential - Cost J(iterations) convergence
#iterations, J(iterations)
1,1.146148901311413
2,1.135507695551455
3,1.1250729306331
4,1.114840490609559
5,1.104806341692562
6,1.094966530612296
7,1.085317183010112
8,1.075854501863282
9,1.066574765941242
10,1.057474328292595
11,1.048549614762385
12,1.039797122538908
13,1.031213418729573
14,1.022795138965165
15,1.014538986031993
16,1.006441728531319
17,0.9985001995655688
18,0.9907112954507568
19,0.9830719744546123
20,0.9755792555599119
21,0.9682302172524673
22,0.9610219963333442
23,0.9539517867547584
24,0.9470168384792375
25,0.9402144563615357
26,0.9335419990528757
27,0.9269968779270698
28,0.9205765560280663
29,0.9142785470385125
30,0.9081004142689076
31,0.9020397696669321
32,0.896094272846549
33,0.890261630136495
34,0.8845395936477609
35,0.8789259603596814
36,0.873418571224284
37,0.8680153102884975
38,0.8627141038338996
39,0.8575129195336242
40,0.8524097656261118
41,0.8474026901053376
42,0.8424897799272195
43,0.8376691602318562
44,0.832938993581299
45,0.8282974792125369
46,0.8237428523053906
47,0.8192733832650215
48,0.8148873770187711
49,0.8105831723270249
50,0.8063591411078402
51,0.8022136877750572
52,0.7981452485896169
53,0.7941522910238289
54,0.7902333131383389
55,0.7863868429715181
56,0.7826114379410547
57,0.7789056842574842
58,0.7752681963494283
59,0.7716976163003071
60,0.7681926132962961
61,0.7647518830853037
62,0.7613741474467486
63,0.7580581536719156
64,0.7548026740546953
65,0.7516065053924833
66,0.7484684684970415
67,0.7453874077151255
68,0.7423621904586827
69,0.7393917067444249
70,0.7364748687425969
71,0.7336106103347469
72,0.7307978866803285
73,0.7280356737919569
74,0.7253229681191334
75,0.7226587861402932
76,0.7200421639629859
77,0.7174721569320439
78,0.7149478392455663
79,0.7124683035785788
80,0.7100326607141916
81,0.7076400391821356
82,0.7052895849045017
83,0.7029804608485599
84,0.700711846686503
85,0.6984829384619876
86,0.6962929482633301
87,0.6941411039032209
88,0.6920266486048443
89,0.6899488406942487
90,0.6879069532988741
91,0.6859002740520791
92,0.6839281048035883
93,0.6819897613356966
94,0.6800845730851565
95,0.6782118828706093
96,0.6763710466254556
97,0.6745614331360635
98,0.6727824237852009
99,0.6710334123005878
100,0.6693138045084646
101,0.6676230180920968
102,0.6659604823550703
103,0.6643256379893446
104,0.6627179368479089
105,0.661136841721998
106,0.6595818261227394
107,0.6580523740671695
108,0.6565479798685119
109,0.6550681479306526
110,0.6536123925467134
111,0.6521802377016389
112,0.6507712168787408
113,0.6493848728700873
114,0.6480207575906851
115,0.6466784318963738
116,0.645357465405348
117,0.6440574363232459
118,0.6427779312717343
119,0.6415185451205031
120,0.640278880822628
121,0.6390585492532095
122,0.6378571690512355
123,0.6366743664646035
124,0.6355097751982343
125,0.6343630362652132
126,0.6332337978409153
127,0.6321217151200281
128,0.6310264501764363
129,0.6299476718259042
130,0.6288850554914941
131,0.6278382830716785
132,0.6268070428110758
133,0.6257910291737739
134,0.6247899427191828
135,0.623803489980356
136,0.6228313833447527
137,0.6218733409373742
138,0.6209290865062337
139,0.6199983493101103
140,0.6190808640085498
141,0.6181763705540553
142,0.6172846140864309
143,0.6164053448292397
144,0.6155383179883208
145,0.614683293652339
146,0.6138400366953101
147,0.6130083166810903
148,0.6121879077697505
149,0.6113785886258322
150,0.6105801423284359
151,0.6097923562830949
152,0.6090150221354184
153,0.6082479356864536
154,0.6074908968097312
155,0.6067437093699831
156,0.606006181143471
157,0.6052781237398975
158,0.6045593525259002
159,0.6038496865500469
160,0.6031489484693501
161,0.6024569644772277
162,0.6017735642329217
163,0.6010985807923079
164,0.6004318505401023
165,0.5997732131234094
166,0.5991225113866043
167,0.5984795913075071
168,0.5978443019348426
169,0.5972164953269378
170,0.5965960264916453
171,0.5959827533274722
172,0.5953765365658759
173,0.5947772397147205
174,0.5941847290028546
175,0.5935988733257912
176,0.5930195441924931
177,0.5924466156731949
178,0.5918799643482786
179,0.5913194692581742
180,0.590765011854253
181,0.5902164759507018
182,0.5896737476773581
183,0.5891367154334954
184,0.588605269842514
185,0.588079303707551
186,0.5875587119679738
187,0.5870433916567344
188,0.586533241858581
189,0.5860281636691083
190,0.5855280601546108
191,0.5850328363127578
192,0.5845423990340316
193,0.584056657063953
194,0.5835755209660511
195,0.5830989030855783
196,0.5826267175139394
197,0.5821588800538461
198,0.5816953081851562
199,0.5812359210313897
200,0.5807806393269359
201,0.5803293853848902
202,0.5798820830655383
203,0.5794386577454889
204,0.5789990362873949
205,0.5785631470102953
206,0.5781309196605504
207,0.5777022853833442
208,0.5772771766947785
209,0.5768555274544869
210,0.5764372728388385
211,0.5760223493146515
212,0.5756106946134267
213,0.5752022477061154
214,0.5747969487783776
215,0.5743947392063321
216,0.5739955615328035
217,0.5735993594440288
218,0.5732060777468398
219,0.5728156623462899
220,0.5724280602237467
221,0.572043219415399
222,0.5716610889912023
223,0.571281619034256
224,0.5709047606205713
225,0.5705304657992651
226,0.570158687573119
227,0.5697893798795682
228,0.5694224975720298
229,0.5690579964016264
230,0.5686958329992757
231,0.5683359648581132
232,0.5679783503163056
233,0.5676229485401724
234,0.5672697195076525
235,0.5669186239921173
236,0.5665696235464918
237,0.5662226804876922
238,0.5658777578813786
239,0.5655348195270182
240,0.5651938299432289
241,0.5648547543534371
242,0.5645175586718013
243,0.5641822094894386
244,0.5638486740609046
245,0.5635169202909524
246,0.5631869167215635
247,0.562858632519222
248,0.5625320374624607
249,0.5622071019296397
250,0.5618837968869689
251,0.5615620938767935
252,0.5612419650060868
253,0.560923382935174
254,0.5606063208667041
255,0.5602907525348142
256,0.5599766521945322
257,0.5596639946113767
258,0.5593527550511672
259,0.5590429092700491
260,0.558734433504699
261,0.5584273044627378
262,0.5581214993133369
263,0.5578169956780025
264,0.5575137716215517
265,0.5572118056432628
266,0.5569110766682129
267,0.556611564038767
268,0.5563132475062722
269,0.5560161072228696
270,0.5557201237335233
271,0.5554252779681628
272,0.5551315512340091
273,0.5548389252080408
274,0.5545473819296288
275,0.5542569037932881
276,0.5539674735415969
277,0.5536790742582645
278,0.5533916893613032
279,0.5531053025963693
280,0.5528198980302307
281,0.5525354600443443
282,0.5522519733285931
283,0.5519694228751211
284,0.5516877939723058
285,0.5514070721988532
286,0.5511272434179931
287,0.550848293771812
288,0.5505702096756879
289,0.5502929778128338
290,0.5500165851289601
291,0.5497410188270276
292,0.5494662663621245
293,0.5491923154364367
294,0.5489191539943047
295,0.5486467702174118
296,0.5483751525200337
297,0.5481042895444055
298,0.5478341701561693
299,0.5475647834399261
300,0.5472961186948588
301,0.5470281654304537
302,0.5467609133623043
303,0.5464943524080061
304,0.5462284726831211
305,0.5459632644972301
306,0.5456987183500586
307,0.5454348249276939
308,0.5451715750988577
309,0.5449089599112662
310,0.5446469705880671
311,0.544385598524325
312,0.5441248352836074
313,0.543864672594616
314,0.5436051023478906
315,0.5433461165925901
316,0.5430877075333246
317,0.5428298675270529
318,0.5425725890800408
319,0.5423158648448976
320,0.5420596876176415
321,0.5418040503348507
322,0.5415489460708469
323,0.5412943680349686
324,0.5410403095688582
325,0.5407867641438409
326,0.5405337253583258
327,0.5402811869352753
328,0.5400291427197237
329,0.5397775866763479
330,0.539526512887066
331,0.5392759155487172
332,0.539025788970762
333,0.5387761275730354
334,0.5385269258835463
335,0.5382781785363312
336,0.5380298802693253
337,0.5377820259223051
338,0.5375346104348412
339,0.5372876288443229
340,0.5370410762840142
341,0.5367949479811142
342,0.536549239254921
343,0.5363039455149663
344,0.5360590622592386
345,0.5358145850723964
346,0.5355705096240672
347,0.5353268316671379
348,0.5350835470360922
349,0.5348406516454002
350,0.53459814148791
351,0.534356012633296
352,0.5341142612265145
353,0.5338728834863193
354,0.5336318757037855
355,0.5333912342408593
356,0.5331509555289591
357,0.5329110360675847
358,0.5326714724229631
359,0.5324322612267179
360,0.5321933991745627
361,0.5319548830250348
362,0.5317167095982327
363,0.5314788757745973
364,0.5312413784937068
365,0.5310042147530962
366,0.5307673816071109
367,0.530530876165769
368,0.5302946955936496
369,0.5300588371088174
370,0.5298232979817463
371,0.5295880755342837
372,0.5293531671386211
373,0.5291185702162996
374,0.5288842822372136
375,0.5286503007186718
376,0.5284166232244288
377,0.5281832473637705
378,0.5279501707906148
379,0.5277173912026083
380,0.5274849063402697
381,0.5272527139861309
382,0.5270208119638989
383,0.5267891981376424
384,0.5265578704109796
385,0.5263268267262969
386,0.5260960650639882
387,0.5258655834416713
388,0.5256353799134774
389,0.5254054525693076
390,0.5251757995341209
391,0.5249464189672481
392,0.5247173090616956
393,0.524488468043489
394,0.5242598941710017
395,0.5240315857343227
396,0.5238035410546231
397,0.5235757584835373
398,0.5233482364025579
399,0.5231209732224427
400,0.5228939673826304
401,0.5226672173506757
402,0.5224407216216895
403,0.5222144787177815
404,0.5219884871875426
405,0.5217627456055028
406,0.5215372525716165
407,0.5213120067107717
408,0.521087006672281
409,0.5208622511294008
410,0.5206377387788561
411,0.5204134683403737
412,0.5201894385562335
413,0.5199656481908004
414,0.5197420960301145
415,0.5195187808814371
416,0.5192957015728368
417,0.5190728569527856
418,0.5188502458897389
419,0.5186278672717519
420,0.5184057200060863
421,0.5181838030188255
422,0.5179621152545071
423,0.5177406556757554
424,0.517519423262921
425,0.5172984170137309
426,0.5170776359429465
427,0.5168570790820213
428,0.5166367454787687
429,0.5164166341970512
430,0.5161967443164486
431,0.515977074931945
432,0.5157576251536379
433,0.5155383941064304
434,0.5153193809297384
435,0.5151005847771964
436,0.5148820048163926
437,0.5146636402285818
438,0.5144454902084162
439,0.5142275539636812
440,0.5140098307150365
441,0.5137923196957594
442,0.5135750201514963
443,0.5133579313400232
444,0.5131410525309992
445,0.5129243830057328
446,0.5127079220569561
447,0.5124916689885923
448,0.5122756231155473
449,0.5120597837634709
450,0.5118441502685714
451,0.5116287219773887
452,0.5114134982465972
453,0.511198478442803
454,0.5109836619423496
455,0.5107690481311313
456,0.5105546364043964
457,0.5103404261665639
458,0.5101264168310523
459,0.5099126078200865
460,0.5096989985645454
461,0.5094855885037699
462,0.5092723770854068
463,0.509059363765252
464,0.5088465480070758
465,0.5086339292824767
466,0.5084215070707269
467,0.5082092808586089
468,0.5079972501402942
469,0.5077854144171652
470,0.5075737731977026
471,0.5073623259973311
472,0.5071510723382809
473,0.5069400117494656
474,0.5067291437663434
475,0.5065184679307894
476,0.5063079837909739
477,0.5060976909012308
478,0.5058875888219498
479,0.5056776771194467
480,0.5054679553658512
481,0.5052584231389903
482,0.50504908002229
483,0.5048399256046457
484,0.5046309594803291
485,0.5044221812488832
486,0.5042135905150124
487,0.5040051868884879
488,0.5037969699840437
489,0.5035889394212864
490,0.503381094824594
491,0.5031734358230291
492,0.5029659620502387
493,0.5027586731443785
494,0.5025515687480101
495,0.5023446485080288
496,0.5021379120755679
497,0.5019313591059279
498,0.5017249892584882
499,0.5015188021966268
500,0.5013127975876489
501,0.5011069751027057
502,0.5009013344167224
503,0.5006958752083255
504,0.5004905971597732
505,0.5002854999568772
506,0.5000805832889427
507,0.4998758468486978
508,0.4996712903322275
509,0.4994669134389065
510,0.4992627158713449
511,0.4990586973353119
512,0.4988548575396847
513,0.498651196196391
514,0.4984477130203445
515,0.4982444077293852
516,0.4980412800442323
517,0.4978383296884206
518,0.4976355563882538
519,0.4974329598727448
520,0.4972305398735694
521,0.4970282961250099
522,0.4968262283639145
523,0.4966243363296332
524,0.4964226197639897
525,0.4962210784112187
526,0.4960197120179264
527,0.4958185203330432
528,0.4956175031077839
529,0.4954166600955965
530,0.4952159910521334
531,0.4950154957351903
532,0.4948151739046844
533,0.4946150253226054
534,0.4944150497529766
535,0.4942152469618166
536,0.4940156167171013
537,0.4938161587887331
538,0.4936168729484969
539,0.4934177589700307
540,0.4932188166287845
541,0.493020045701991
542,0.4928214459686355
543,0.4926230172094127
544,0.4924247592067043
545,0.4922266717445472
546,0.4920287546085967
547,0.4918310075861022
548,0.4916334304658712
549,0.4914360230382463
550,0.4912387850950784
551,0.4910417164296934
552,0.4908448168368648
553,0.4906480861127901
554,0.490451524055069
555,0.4902551304626644
556,0.4900589051358925
557,0.489862847876386
558,0.4896669584870788
559,0.489471236772178
560,0.4892756825371379
561,0.4890802955886485
562,0.488885075734594
563,0.4886900227840547
564,0.4884951365472657
565,0.4883004168356041
566,0.4881058634615701
567,0.4879114762387656
568,0.487717254981868
569,0.4875231995066236
570,0.4873293096298157
571,0.4871355851692547
572,0.4869420259437576
573,0.4867486317731253
574,0.4865554024781335
575,0.48636233788051
576,0.4861694378029172
577,0.4859767020689393
578,0.4857841305030654
579,0.485591722930668
580,0.4853994791779999
581,0.4852073990721641
582,0.4850154824411099
583,0.4848237291136112
584,0.4846321389192579
585,0.4844407116884384
586,0.4842494472523282
587,0.4840583454428736
588,0.4838674060927766
589,0.483676629035493
590,0.4834860141052023
591,0.4832955611368175
592,0.4831052699659453
593,0.4829151404288988
594,0.4827251723626704
595,0.482535365604935
596,0.4823457199940187
597,0.4821562353689044
598,0.4819669115692129
599,0.4817777484351986
600,0.4815887458077322
601,0.4813999035282912
602,0.4812112214389571
603,0.4810226993823972
604,0.4808343372018585
605,0.4806461347411646
606,0.480458091844688
607,0.4802702083573613
608,0.4800824841246607
609,0.4798949189925964
610,0.4797075128077
611,0.4795202654170214
612,0.4793331766681268
613,0.4791462464090784
614,0.4789594744884297
615,0.4787728607552229
616,0.4785864050589796
617,0.4784001072496907
618,0.4782139671778092
619,0.4780279846942453
620,0.4778421596503614
621,0.4776564918979594
622,0.4774709812892789
623,0.4772856276769845
624,0.4771004309141687
625,0.4769153908543398
626,0.4767305073514139
627,0.476545780259713
628,0.4763612094339584
629,0.4761767947292597
630,0.4759925360011177
631,0.475808433105416
632,0.4756244858984035
633,0.4754406942367126
634,0.4752570579773323
635,0.4750735769776125
636,0.4748902510952597
637,0.47470708018833
638,0.4745240641152206
639,0.4743412027346768
640,0.4741584959057685
641,0.4739759434879068
642,0.4737935453408201
643,0.473611301324563
644,0.473429211299513
645,0.4732472751263457
646,0.4730654926660637
647,0.4728838637799608
648,0.4727023883296388
649,0.4725210661769929
650,0.4723398971842183
651,0.4721588812137869
652,0.4719780181284694
653,0.4717973077913121
654,0.4716167500656384
655,0.4714363448150521
656,0.471256091903424
657,0.4710759911948931
658,0.47089604255387
659,0.4707162458450172
660,0.4705366009332634
661,0.4703571076837888
662,0.4701777659620238
663,0.4699985756336555
664,0.4698195365646137
665,0.4696406486210711
666,0.4694619116694366
667,0.4692833255763703
668,0.469104890208753
669,0.468926605433708
670,0.4687484711185846
671,0.4685704871309613
672,0.4683926533386394
673,0.4682149696096467
674,0.468037435812224
675,0.4678600518148383
676,0.4676828174861693
677,0.4675057326951052
678,0.4673287973107519
679,0.4671520112024192
680,0.4669753742396247
681,0.4667988862920941
682,0.4666225472297511
683,0.4664463569227214
684,0.4662703152413327
685,0.4660944220561014
686,0.4659186772377453
687,0.4657430806571717
688,0.4655676321854824
689,0.4653923316939625
690,0.4652171790540898
691,0.4650421741375262
692,0.4648673168161151
693,0.464692606961884
694,0.4645180444470444
695,0.4643436291439792
696,0.4641693609252566
697,0.4639952396636163
698,0.4638212652319708
699,0.4636474375034119
700,0.4634737563511958
701,0.4633002216487513
702,0.4631268332696792
703,0.4629535910877416
704,0.4627804949768713
705,0.4626075448111627
706,0.4624347404648751
707,0.4622620818124292
708,0.4620895687284038
709,0.4619172010875445
710,0.4617449787647476
711,0.4615729016350674
712,0.4614009695737186
713,0.4612291824560665
714,0.4610575401576337
715,0.4608860425540902
716,0.4607146895212626
717,0.4605434809351233
718,0.4603724166717972
719,0.4602014966075597
720,0.4600307206188262
721,0.4598600885821673
722,0.4596896003742901
723,0.4595192558720534
724,0.4593490549524551
725,0.4591789974926386
726,0.4590090833698875
727,0.4588393124616242
728,0.4586696846454155
729,0.4585001997989654
730,0.4583308578001148
731,0.458161658526841
732,0.4579926018572614
733,0.4578236876696301
734,0.45765491584233
735,0.4574862862538843
736,0.4573177987829478
737,0.4571494533083051
738,0.4569812497088807
739,0.4568131878637205
740,0.4566452676520084
741,0.4564774889530565
742,0.4563098516463081
743,0.4561423556113248
744,0.4559750007278113
745,0.4558077868755906
746,0.4556407139346136
747,0.4554737817849586
748,0.455306990306829
749,0.4551403393805544
750,0.4549738288865853
751,0.4548074587055013
752,0.4546412287179965
753,0.4544751388048975
754,0.4543091888471485
755,0.4541433787258157
756,0.4539777083220827
757,0.4538121775172613
758,0.4536467861927745
759,0.4534815342301764
760,0.4533164215111253
761,0.4531514479174107
762,0.4529866133309329
763,0.4528219176337135
764,0.452657360707891
765,0.4524929424357146
766,0.4523286626995613
767,0.4521645213819125
768,0.45200051836537
769,0.4518366535326517
770,0.4516729267665918
771,0.4515093379501272
772,0.4513458869663222
773,0.4511825736983485
774,0.4510193980294907
775,0.4508563598431441
776,0.4506934590228217
777,0.4505306954521448
778,0.4503680690148429
779,0.4502055795947627
780,0.4500432270758571
781,0.4498810113421947
782,0.4497189322779468
783,0.4495569897673994
784,0.4493951836949443
785,0.449233513945089
786,0.4490719804024412
787,0.4489105829517218
788,0.4487493214777609
789,0.448588195865492
790,0.4484272059999602
791,0.4482663517663131
792,0.4481056330498087
793,0.4479450497358146
794,0.447784601709796
795,0.4476242888573342
796,0.4474641110641039
797,0.4473040682158986
798,0.4471441601986046
799,0.446984386898224
800,0.4468247482008569
801,0.446665243992709
802,0.4465058741600915
803,0.4463466385894179
804,0.4461875371672036
805,0.4460285697800724
806,0.4458697363147488
807,0.4457110366580598
808,0.4455524706969319
809,0.4453940383183998
810,0.4452357394095978
811,0.4450775738577612
812,0.4449195415502285
813,0.4447616423744399
814,0.4446038762179348
815,0.4444462429683542
816,0.4442887425134428
817,0.4441313747410436
818,0.4439741395390975
819,0.4438170367956538
820,0.4436600663988523
821,0.4435032282369396
822,0.4433465221982538
823,0.443189948171246
824,0.4430335060444539
825,0.4428771957065191
826,0.4427210170461799
827,0.44256496995228
828,0.4424090543137537
829,0.4422532700196362
830,0.4420976169590652
831,0.4419420950212692
832,0.4417867040955785
833,0.4416314440714201
834,0.4414763148383201
835,0.441321316285901
836,0.4411664483038798
837,0.4410117107820754
838,0.4408571036103996
839,0.4407026266788592
840,0.4405482798775661
841,0.4403940630967201
842,0.4402399762266189
843,0.4400860191576584
844,0.4399321917803293
845,0.4397784939852171
846,0.4396249256630035
847,0.4394714867044658
848,0.4393181770004775
849,0.4391649964420056
850,0.4390119449201125
851,0.4388590223259562
852,0.4387062285507867
853,0.438553563485953
854,0.4384010270228972
855,0.4382486190531494
856,0.4380963394683438
857,0.437944188160207
858,0.4377921650205484
859,0.4376402699412849
860,0.4374885028144154
861,0.4373368635320462
862,0.4371853519863634
863,0.4370339680696518
864,0.4368827116742921
865,0.4367315826927506
866,0.4365805810175978
867,0.4364297065414828
868,0.436278959157159
869,0.4361283387574677
870,0.4359778452353426
871,0.4358274784838083
872,0.4356772383959829
873,0.4355271248650793
874,0.4353771377843971
875,0.4352272770473298
876,0.435077542547366
877,0.4349279341780798
878,0.434778451833141
879,0.4346290954063082
880,0.4344798647914349
881,0.4343307598824614
882,0.4341817805734189
883,0.4340329267584356
884,0.433884198331721
885,0.433735595187586
886,0.4335871172204238
887,0.4334387643247194
888,0.433290536395053
889,0.4331424333260889
890,0.4329944550125828
891,0.432846601349385
892,0.4326988722314302
893,0.4325512675537478
894,0.4324037872114502
895,0.4322564310997478
896,0.4321091991139335
897,0.4319620911493929
898,0.4318151071016001
899,0.4316682468661209
900,0.4315215103386056
901,0.4313748974147951
902,0.4312284079905206
903,0.4310820419617042
904,0.4309357992243532
905,0.4307896796745616
906,0.4306436832085158
907,0.4304978097224899
908,0.4303520591128476
909,0.4302064312760379
910,0.4300609261085975
911,0.4299155435071563
912,0.4297702833684287
913,0.4296251455892137
914,0.4294801300664038
915,0.4293352366969753
916,0.4291904653779972
917,0.4290458160066207
918,0.4289012884800846
919,0.4287568826957177
920,0.428612598550938
921,0.4284684359432426
922,0.4283243947702243
923,0.4281804749295591
924,0.4280366763190078
925,0.4278929988364238
926,0.4277494423797406
927,0.4276060068469831
928,0.4274626921362624
929,0.427319498145772
930,0.4271764247737982
931,0.4270334719187066
932,0.4268906394789529
933,0.4267479273530794
934,0.4266053354397124
935,0.426462863637567
936,0.4263205118454423
937,0.4261782799622204
938,0.4260361678868766
939,0.4258941755184648
940,0.4257523027561249
941,0.4256105494990864
942,0.4254689156466628
943,0.4253274010982499
944,0.4251860057533313
945,0.4250447295114775
946,0.4249035722723381
947,0.4247625339356546
948,0.4246216144012492
949,0.4244808135690302
950,0.4243401313389904
951,0.4241995676112066
952,0.4240591222858414
953,0.4239187952631399
954,0.423778586443435
955,0.4236384957271401
956,0.4234985230147551
957,0.4233586682068659
958,0.4232189312041371
959,0.423079311907322
960,0.422939810217257
961,0.4228004260348572
962,0.4226611592611318
963,0.4225220097971654
964,0.4223829775441277
965,0.4222440624032747
966,0.422105264275945
967,0.4219665830635557
968,0.4218280186676141
969,0.4216895709897086
970,0.4215512399315082
971,0.4214130253947652
972,0.4212749272813225
973,0.4211369454930943
974,0.4209990799320855
975,0.4208613305003819
976,0.4207236971001535
977,0.4205861796336478
978,0.4204487780032014
979,0.4203114921112292
980,0.4201743218602274
981,0.4200372671527817
982,0.4199003278915512
983,0.4197635039792799
984,0.4196267953188014
985,0.4194902018130207
986,0.4193537233649303
987,0.4192173598776037
988,0.4190811112541954
989,0.4189449773979441
990,0.418808958212166
991,0.4186730536002636
992,0.4185372634657178
993,0.4184015877120938
994,0.4182660262430337
995,0.4181305789622638
996,0.4179952457735931
997,0.4178600265809088
998,0.4177249212881816
999,0.4175899297994611
1000,0.4174550520188799
1001,0.4173202878506495
1002,0.4171856371990635
1003,0.4170510999684992
1004,0.4169166760634062
1005,0.4167823653883241
1006,0.4166481678478648
1007,0.4165140833467303
1008,0.4163801117896935
1009,0.4162462530816128
1010,0.4161125071274245
1011,0.4159788738321488
1012,0.4158453531008807
1013,0.4157119448388026
1014,0.4155786489511655
1015,0.4154454653433129
1016,0.4153123939206598
1017,0.4151794345887039
1018,0.4150465872530243
1019,0.4149138518192744
1020,0.4147812281931931
1021,0.414648716280595
1022,0.4145163159873752
1023,0.4143840272195102
1024,0.414251849883053
1025,0.4141197838841338
1026,0.4139878291289703
1027,0.4138559855238491
1028,0.4137242529751441
1029,0.4135926313893017
1030,0.413461120672853
1031,0.4133297207324027
1032,0.4131984314746373
1033,0.4130672528063207
1034,0.4129361846342999
1035,0.4128052268654914
1036,0.4126743794068978
1037,0.4125436421655968
1038,0.4124130150487449
1039,0.4122824979635797
1040,0.4121520908174128
1041,0.4120217935176373
1042,0.4118916059717163
1043,0.411761528087205
1044,0.4116315597717272
1045,0.4115017009329849
1046,0.4113719514787593
1047,0.41124231131691
1048,0.4111127803553725
1049,0.4109833585021627
1050,0.4108540456653719
1051,0.4107248417531684
1052,0.4105957466737995
1053,0.4104667603355876
1054,0.4103378826469369
1055,0.410209113516323
1056,0.4100804528523047
1057,0.4099519005635113
1058,0.4098234565586533
1059,0.409695120746518
1060,0.409566893035968
1061,0.409438773335948
1062,0.4093107615554687
1063,0.4091828576036248
1064,0.4090550613895909
1065,0.4089273728226095
1066,0.4087997918120064
1067,0.4086723182671819
1068,0.4085449520976098
1069,0.4084176932128441
1070,0.4082905415225128
1071,0.4081634969363208
1072,0.4080365593640503
1073,0.407909728715555
1074,0.4077830049007728
1075,0.4076563878297069
1076,0.4075298774124462
1077,0.4074034735591486
1078,0.4072771761800522
1079,0.4071509851854667
1080,0.4070249004857823
1081,0.4068989219914576
1082,0.4067730496130353
1083,0.4066472832611266
1084,0.4065216228464194
1085,0.4063960682796824
1086,0.4062706194717496
1087,0.4061452763335403
1088,0.4060200387760409
1089,0.4058949067103177
1090,0.4057698800475114
1091,0.4056449586988331
1092,0.4055201425755725
1093,0.4053954315890964
1094,0.4052708256508415
1095,0.4051463246723246
1096,0.4050219285651269
1097,0.4048976372409157
1098,0.4047734506114272
1099,0.4046493685884722
1100,0.4045253910839356
1101,0.4044015180097781
1102,0.4042777492780341
1103,0.4041540848008072
1104,0.4040305244902855
1105,0.403907068258722
1106,0.4037837160184469
1107,0.4036604676818642
1108,0.4035373231614507
1109,0.4034142823697597
1110,0.4032913452194154
1111,0.4031685116231161
1112,0.4030457814936326
1113,0.4029231547438155
1114,0.4028006312865785
1115,0.4026782110349189
1116,0.4025558939018971
1117,0.4024336798006568
1118,0.4023115686444076
1119,0.4021895603464368
1120,0.402067654820102
1121,0.401945851978832
1122,0.4018241517361363
1123,0.4017025540055877
1124,0.4015810587008392
1125,0.4014596657356121
1126,0.4013383750237027
1127,0.4012171864789781
1128,0.4010961000153785
1129,0.4009751155469186
1130,0.4008542329876836
1131,0.4007334522518297
1132,0.4006127732535899
1133,0.4004921959072646
1134,0.4003717201272307
1135,0.4002513458279339
1136,0.4001310729238926
1137,0.4000109013296978
1138,0.3998908309600139
1139,0.3997708617295728
1140,0.3996509935531847
1141,0.3995312263457255
1142,0.3994115600221471
1143,0.3992919944974697
1144,0.3991725296867868
1145,0.3990531655052657
1146,0.3989339018681395
1147,0.398814738690716
1148,0.3986956758883783
1149,0.3985767133765733
1150,0.3984578510708222
1151,0.3983390888867204
1152,0.3982204267399306
1153,0.3981018645461867
1154,0.3979834022212961
1155,0.397865039681134
1156,0.39774677684165
1157,0.3976286136188604
1158,0.3975105499288573
1159,0.3973925856878005
1160,0.3972747208119164
1161,0.3971569552175101
1162,0.3970392888209516
1163,0.3969217215386863
1164,0.3968042532872222
1165,0.3966868839831432
1166,0.3965696135431027
1167,0.3964524418838252
1168,0.3963353689221065
1169,0.3962183945748037
1170,0.3961015187588546
1171,0.3959847413912609
1172,0.3958680623890989
1173,0.3957514816695088
1174,0.3956349991497061
1175,0.3955186147469708
1176,0.3954023283786594
1177,0.3952861399621899
1178,0.3951700494150571
1179,0.3950540566548222
1180,0.3949381615991161
1181,0.3948223641656325
1182,0.3947066642721499
1183,0.3945910618365036
1184,0.3944755567765987
1185,0.3943601490104151
1186,0.3942448384559983
1187,0.3941296250314635
1188,0.3940145086549955
1189,0.393899489244845
1190,0.3937845667193364
1191,0.3936697409968597
1192,0.3935550119958739
1193,0.3934403796349062
1194,0.3933258438325562
1195,0.3932114045074893
1196,0.3930970615784362
1197,0.3929828149641991
1198,0.3928686645836517
1199,0.3927546103557325
1200,0.392640652199447
1201,0.3925267900338735
1202,0.3924130237781541
1203,0.3922993533514987
1204,0.3921857786731905
1205,0.3920722996625759
1206,0.3919589162390708
1207,0.39184562832216
1208,0.3917324358313911
1209,0.39161933868639
1210,0.3915063368068376
1211,0.3913934301124927
1212,0.3912806185231761
1213,0.3911679019587772
1214,0.3910552803392525
1215,0.3909427535846282
1216,0.3908303216149951
1217,0.3907179843505164
1218,0.3906057417114128
1219,0.3904935936179814
1220,0.3903815399905831
1221,0.3902695807496466
1222,0.3901577158156659
1223,0.3900459451092041
1224,0.3899342685508867
1225,0.3898226860614136
1226,0.3897111975615473
1227,0.3895998029721143
1228,0.3894885022140135
1229,0.3893772952082065
1230,0.3892661818757218
1231,0.3891551621376558
1232,0.3890442359151708
1233,0.3889334031294973
1234,0.3888226637019265
1235,0.3887120175538222
1236,0.3886014646066118
1237,0.3884910047817902
1238,0.3883806380009148
1239,0.3882703641856126
1240,0.3881601832575756
1241,0.3880500951385626
1242,0.3879400997503963
1243,0.3878301970149663
1244,0.3877203868542292
1245,0.3876106691902037
1246,0.3875010439449842
1247,0.3873915110407133
1248,0.387282070399614
1249,0.3871727219439706
1250,0.3870634655961298
1251,0.3869543012785073
1252,0.3868452289135828
1253,0.3867362484239036
1254,0.3866273597320778
1255,0.3865185627607801
1256,0.3864098574327533
1257,0.3863012436708021
1258,0.3861927213977993
1259,0.3860842905366787
1260,0.3859759510104405
1261,0.3858677027421524
1262,0.3857595456549432
1263,0.3856514796720074
1264,0.3855435047166084
1265,0.3854356207120671
1266,0.3853278275817736
1267,0.3852201252491819
1268,0.3851125136378091
1269,0.3850049926712384
1270,0.3848975622731176
1271,0.3847902223671542
1272,0.3846829728771293
1273,0.3845758137268799
1274,0.3844687448403071
1275,0.3843617661413839
1276,0.384254877554137
1277,0.3841480790026682
1278,0.3840413704111297
1279,0.3839347517037517
1280,0.3838282228048209
1281,0.3837217836386861
1282,0.3836154341297667
1283,0.3835091742025345
1284,0.3834030037815377
1285,0.3832969227913808
1286,0.3831909311567321
1287,0.3830850288023258
1288,0.3829792156529575
1289,0.3828734916334868
1290,0.3827678566688371
1291,0.3826623106839956
1292,0.3825568536040093
1293,0.3824514853539909
1294,0.3823462058591181
1295,0.3822410150446268
1296,0.3821359128358229
1297,0.382030899158065
1298,0.381925973936784
1299,0.3818211370974723
1300,0.3817163885656766
1301,0.3816117282670186
1302,0.3815071561271728
1303,0.3814026720718799
1304,0.3812982760269476
1305,0.38119396791824
1306,0.3810897476716811
1307,0.3809856152132686
1308,0.3808815704690506
1309,0.3807776133651438
1310,0.3806737438277267
1311,0.3805699617830392
1312,0.380466267157383
1313,0.3803626598771215
1314,0.3802591398686814
1315,0.3801557070585508
1316,0.3800523613732774
1317,0.3799491027394786
1318,0.379845931083823
1319,0.3797428463330474
1320,0.3796398484139491
1321,0.3795369372533881
1322,0.3794341127782825
1323,0.3793313749156165
1324,0.3792287235924322
1325,0.3791261587358351
1326,0.3790236802729925
1327,0.378921288131129
1328,0.3788189822375366
1329,0.378716762519563
1330,0.3786146289046236
1331,0.3785125813201876
1332,0.3784106196937903
1333,0.3783087439530236
1334,0.3782069540255488
1335,0.3781052498390761
1336,0.3780036313213851
1337,0.3779020984003177
1338,0.3778006510037681
1339,0.3776992890596995
1340,0.3775980124961317
1341,0.377496821241146
1342,0.3773957152228829
1343,0.3772946943695442
1344,0.3771937586093946
1345,0.3770929078707591
1346,0.3769921420820158
1347,0.3768914611716133
1348,0.3767908650680539
1349,0.3766903536999024
1350,0.3765899269957825
1351,0.3764895848843806
1352,0.3763893272944387
1353,0.3762891541547647
1354,0.3761890653942236
1355,0.3760890609417367
1356,0.37598914072629
1357,0.3758893046769297
1358,0.3757895527227569
1359,0.3756898847929386
1360,0.3755903008166958
1361,0.3754908007233119
1362,0.3753913844421305
1363,0.3752920519025528
1364,0.3751928030340435
1365,0.3750936377661209
1366,0.3749945560283645
1367,0.3748955577504167
1368,0.3747966428619759
1369,0.374697811292799
1370,0.3745990629727055
1371,0.3745003978315691
1372,0.3744018157993282
1373,0.3743033168059762
1374,0.3742049007815683
1375,0.3741065676562138
1376,0.3740083173600867
1377,0.3739101498234157
1378,0.3738120649764919
1379,0.3737140627496593
1380,0.373616143073329
1381,0.3735183058779625
1382,0.3734205510940849
1383,0.373322878652278
1384,0.3732252884831812
1385,0.3731277805174961
1386,0.3730303546859778
1387,0.3729330109194407
1388,0.3728357491487623
1389,0.3727385693048741
1390,0.3726414713187647
1391,0.3725444551214833
1392,0.3724475206441364
1393,0.3723506678178894
1394,0.3722538965739636
1395,0.372157206843642
1396,0.3720605985582607
1397,0.371964071649215
1398,0.3718676260479606
1399,0.3717712616860113
1400,0.3716749784949325
1401,0.3715787764063537
1402,0.3714826553519598
1403,0.3713866152634904
1404,0.3712906560727476
1405,0.3711947777115897
1406,0.3710989801119279
1407,0.3710032632057368
1408,0.3709076269250451
1409,0.3708120712019386
1410,0.3707165959685608
1411,0.3706212011571148
1412,0.370525886699855
1413,0.3704306525290988
1414,0.3703354985772175
1415,0.3702404247766421
1416,0.3701454310598553
1417,0.3700505173594013
1418,0.3699556836078797
1419,0.369860929737947
1420,0.3697662556823157
1421,0.3696716613737573
1422,0.3695771467450957
1423,0.3694827117292172
1424,0.3693883562590574
1425,0.3692940802676143
1426,0.3691998836879411
1427,0.3691057664531457
1428,0.3690117284963943
1429,0.3689177697509061
1430,0.3688238901499621
1431,0.3687300896268939
1432,0.3686363681150909
1433,0.3685427255480016
1434,0.3684491618591275
1435,0.3683556769820247
1436,0.3682622708503121
1437,0.3681689433976572
1438,0.3680756945577839
1439,0.3679825242644777
1440,0.3678894324515743
1441,0.3677964190529662
1442,0.3677034840026049
1443,0.3676106272344943
1444,0.367517848682694
1445,0.3674251482813209
1446,0.367332525964544
1447,0.3672399816665923
1448,0.3671475153217482
1449,0.3670551268643475
1450,0.366962816228784
1451,0.3668705833495041
1452,0.366778428161015
1453,0.3666863505978734
1454,0.36659435059469
1455,0.3665024280861389
1456,0.3664105830069374
1457,0.366318815291871
1458,0.3662271248757673
1459,0.3661355116935183
1460,0.3660439756800685
1461,0.3659525167704115
1462,0.3658611348996046
1463,0.3657698300027536
1464,0.3656786020150194
1465,0.3655874508716225
1466,0.3654963765078307
1467,0.3654053788589717
1468,0.3653144578604288
1469,0.3652236134476323
1470,0.3651328455560723
1471,0.3650421541212949
1472,0.3649515390788947
1473,0.364861000364528
1474,0.3647705379138997
1475,0.3646801516627677
1476,0.3645898415469493
1477,0.3644996075023118
1478,0.3644094494647793
1479,0.3643193673703263
1480,0.3642293611549864
1481,0.3641394307548442
1482,0.3640495761060356
1483,0.363959797144753
1484,0.3638700938072413
1485,0.3637804660298044
1486,0.3636909137487929
1487,0.3636014369006136
1488,0.3635120354217263
1489,0.3634227092486472
1490,0.3633334583179412
1491,0.3632442825662306
1492,0.3631551819301895
1493,0.3630661563465436
1494,0.3629772057520783
1495,0.3628883300836226
1496,0.3627995292780684
1497,0.362710803272355
1498,0.3626221520034712
1499,0.362533575408469
1500,0.3624450734244486
