#Pareto - Cost J(iterations) convergence
#iterations, J(iterations)
1,0.996774292080898
2,0.9931508493412222
3,0.9906477257572249
4,0.9881602541454532
5,0.9856805623949761
6,0.9832085707654935
7,0.9807442549523663
8,0.9782875911185072
9,0.9758385555036375
10,0.973397124421275
11,0.9709632742584865
12,0.9685369814756585
13,0.9661182226062712
14,0.9637069742566726
15,0.9613032131058478
16,0.9589069159052021
17,0.9565180594783228
18,0.9541366207207655
19,0.9517625765998312
20,0.9493959041543329
21,0.9470365804943893
22,0.9446845828011876
23,0.9423398883267728
24,0.9400024743938257
25,0.9376723183954406
26,0.9353493977949107
27,0.9330336901255091
28,0.9307251729902655
29,0.928423824061762
30,0.9261296210819031
31,0.923842541861713
32,0.9215625642811098
33,0.9192896662887011
34,0.9170238259015645
35,0.9147650212050379
36,0.9125132303525065
37,0.9102684315651914
38,0.9080306031319381
39,0.905799723409011
40,0.9035757708198797
41,0.9013587238550083
42,0.8991485610716536
43,0.8969452610936527
44,0.8947488026112208
45,0.8925591643807375
46,0.8903763252245538
47,0.8882002640307701
48,0.88603095975305
49,0.8838683914104044
50,0.8817125380869933
51,0.8795633789319218
52,0.8774208931590419
53,0.875285060046746
54,0.873155858937772
55,0.8710332692389978
56,0.8689172704212477
57,0.8668078420190919
58,0.8647049636306479
59,0.8626086149173793
60,0.8605187756039082
61,0.8584354254778124
62,0.8563585443894315
63,0.854288112251671
64,0.8522241090398101
65,0.8501665147913078
66,0.848115309605607
67,0.8460704736439467
68,0.8440319871291659
69,0.8419998303455126
70,0.8399739836384568
71,0.8379544274144971
72,0.835941142140972
73,0.8339341083458731
74,0.8319333066176496
75,0.8299387176050318
76,0.8279503220168349
77,0.8259681006217749
78,0.823992034248285
79,0.8220221037843255
80,0.8200582901772054
81,0.8181005744333918
82,0.8161489376183293
83,0.8142033608562578
84,0.8122638253300272
85,0.8103303122809142
86,0.8084028030084524
87,0.8064812788702308
88,0.8045657212817325
89,0.8026561117161475
90,0.8007524317041913
91,0.7988546628339283
92,0.7969627867505965
93,0.7950767851564255
94,0.7931966398104616
95,0.791322332528394
96,0.7894538451823711
97,0.787591159700836
98,0.7857342580683427
99,0.7838831223253857
100,0.7820377345682258
101,0.780198076948718
102,0.7783641316741358
103,0.7765358810070025
104,0.7747133072649177
105,0.7728963928203895
106,0.7710851201006581
107,0.7692794715875273
108,0.7674794298172034
109,0.7656849773801138
110,0.7638960969207467
111,0.7621127711374834
112,0.7603349827824244
113,0.7585627146612297
114,0.7567959496329487
115,0.7550346706098562
116,0.7532788605572854
117,0.7515285024934643
118,0.7497835794893515
119,0.7480440746684713
120,0.7463099712067544
121,0.744581252332367
122,0.7428579013255582
123,0.7411399015184917
124,0.7394272362950879
125,0.7377198890908613
126,0.7360178433927599
127,0.7343210827390071
128,0.7326295907189458
129,0.73094335097287
130,0.7292623471918753
131,0.7275865631176989
132,0.7259159825425613
133,0.7242505893090077
134,0.7225903673097571
135,0.7209353004875428
136,0.7192853728349569
137,0.717640568394296
138,0.7160008712574074
139,0.7143662655655368
140,0.7127367355091712
141,0.7111122653278882
142,0.7094928393102033
143,0.7078784417934179
144,0.70626905716347
145,0.7046646698547767
146,0.7030652643500925
147,0.7014708251803503
148,0.6998813369245203
149,0.6982967842094554
150,0.6967171517097421
151,0.6951424241475549
152,0.6935725862925107
153,0.6920076229615137
154,0.6904475190186169
155,0.6888922593748693
156,0.6873418289881744
157,0.6857962128631458
158,0.6842553960509526
159,0.6827193636491893
160,0.6811881008017174
161,0.679661592698534
162,0.6781398245756189
163,0.6766227817147983
164,0.6751104494435983
165,0.6736028131351068
166,0.6720998582078279
167,0.6706015701255423
168,0.6691079343971712
169,0.6676189365766267
170,0.6661345622626825
171,0.6646547970988276
172,0.6631796267731299
173,0.6617090370180959
174,0.6602430136105381
175,0.6587815423714298
176,0.6573246091657727
177,0.6558721999024608
178,0.654424300534142
179,0.6529808970570807
180,0.6515419755110282
181,0.6501075219790803
182,0.648677522587549
183,0.6472519635058237
184,0.6458308309462416
185,0.6444141111639499
186,0.6430017904567766
187,0.6415938551650964
188,0.6401902916716965
189,0.6387910864016518
190,0.6373962258221841
191,0.6360056964425371
192,0.6346194848138479
193,0.6332375775290094
194,0.6318599612225492
195,0.6304866225704923
196,0.6291175482902402
197,0.627752725140435
198,0.6263921399208351
199,0.6250357794721894
200,0.6236836306761058
201,0.6223356804549275
202,0.6209919157716044
203,0.6196523236295672
204,0.6183168910726043
205,0.616985605184734
206,0.6156584530900792
207,0.6143354219527446
208,0.6130164989766923
209,0.6117016714056163
210,0.6103909265228211
211,0.6090842516510994
212,0.607781634152605
213,0.6064830614287358
214,0.6051885209200086
215,0.6038980001059403
216,0.6026114865049246
217,0.6013289676741104
218,0.6000504312092864
219,0.5987758647447546
220,0.5975052559532151
221,0.5962385925456468
222,0.594975862271186
223,0.5937170529170094
224,0.5924621523082159
225,0.5912111483077098
226,0.5899640288160812
227,0.5887207817714909
228,0.5874813951495532
229,0.5862458569632193
230,0.5850141552626607
231,0.5837862781351563
232,0.5825622137049741
233,0.5813419501332572
234,0.5801254756179108
235,0.5789127783934865
236,0.5777038467310679
237,0.5764986689381618
238,0.5752972333585752
239,0.5740995283723147
240,0.5729055423954664
241,0.5717152638800851
242,0.570528681314083
243,0.5693457832211205
244,0.5681665581604921
245,0.5669909947270162
246,0.5658190815509276
247,0.5646508072977632
248,0.5634861606682569
249,0.5623251303982265
250,0.561167705258466
251,0.5600138740546403
252,0.5588636256271706
253,0.5577169488511318
254,0.5565738326361416
255,0.555434265926256
256,0.5542982376998598
257,0.5531657369695624
258,0.5520367527820884
259,0.5509112742181757
260,0.5497892903924663
261,0.5486707904534027
262,0.547555763583124
263,0.5464441989973576
264,0.5453360859453196
265,0.5442314137096063
266,0.5431301716060954
267,0.5420323489838378
268,0.5409379352249574
269,0.5398469197445478
270,0.5387592919905709
271,0.5376750414437523
272,0.5365941576174826
273,0.5355166300577132
274,0.5344424483428573
275,0.5333716020836887
276,0.5323040809232388
277,0.5312398745367011
278,0.5301789726313284
279,0.5291213649463322
280,0.5280670412527859
281,0.5270159913535252
282,0.5259682050830475
283,0.5249236723074168
284,0.5238823829241648
285,0.5228443268621906
286,0.5218094940816658
287,0.5207778745739374
288,0.5197494583614297
289,0.5187242354975493
290,0.5177021960665872
291,0.5166833301836247
292,0.5156676279944358
293,0.5146550796753943
294,0.513645675433376
295,0.5126394055056671
296,0.5116362601598662
297,0.5106362296937937
298,0.5096393044353965
299,0.5086454747426525
300,0.5076547310034811
301,0.5066670636356473
302,0.5056824630866702
303,0.5047009198337304
304,0.5037224243835783
305,0.5027469672724412
306,0.5017745390659331
307,0.5008051303589626
308,0.499838731775642
309,0.4988753339691975
310,0.4979149276218773
311,0.4969575034448629
312,0.4960030521781778
313,0.4950515645905992
314,0.4941030314795689
315,0.4931574436711025
316,0.4922147920197036
317,0.4912750674082713
318,0.4903382607480157
319,0.489404362978369
320,0.4884733650668968
321,0.4875452580092114
322,0.4866200328288849
323,0.485697680577362
324,0.4847781923338748
325,0.4838615592053535
326,0.482947772326344
327,0.4820368228589194
328,0.4811287019925957
329,0.4802234009442473
330,0.4793209109580195
331,0.4784212233052475
332,0.4775243292843685
333,0.4766302202208404
334,0.4757388874670546
335,0.4748503224022561
336,0.4739645164324572
337,0.4730814609903565
338,0.4722011475352538
339,0.4713235675529706
340,0.470448712555763
341,0.469576574082246
342,0.4687071436973051
343,0.4678404129920197
344,0.4669763735835787
345,0.4661150171152013
346,0.4652563352560557
347,0.4644003197011773
348,0.4635469621713899
349,0.462696254413225
350,0.4618481881988424
351,0.4610027553259495
352,0.4601599476177237
353,0.4593197569227319
354,0.4584821751148515
355,0.4576471940931932
356,0.456814805782022
357,0.4559850021306785
358,0.4551577751135022
359,0.4543331167297517
360,0.4535110190035302
361,0.4526914739837067
362,0.451874473743839
363,0.4510600103820979
364,0.4502480760211894
365,0.4494386628082803
366,0.4486317629149207
367,0.4478273685369699
368,0.4470254718945186
369,0.4462260652318157
370,0.4454291408171928
371,0.4446346909429889
372,0.4438427079254756
373,0.4430531841047852
374,0.4422661118448323
375,0.4414814835332441
376,0.4406992915812846
377,0.4399195284237809
378,0.4391421865190531
379,0.4383672583488366
380,0.4375947364182125
381,0.4368246132555352
382,0.4360568814123594
383,0.4352915334633671
384,0.4345285620062972
385,0.433767959661874
386,0.4330097190737344
387,0.4322538329083585
388,0.4315002938549975
389,0.4307490946256026
390,0.4300002279547562
391,0.4292536865996002
392,0.4285094633397664
393,0.4277675509773067
394,0.4270279423366237
395,0.4262906302644004
396,0.4255556076295323
397,0.4248228673230572
398,0.4240924022580885
399,0.4233642053697423
400,0.4226382696150753
401,0.4219145879730105
402,0.4211931534442741
403,0.420473959051325
404,0.419756997838288
405,0.4190422628708876
406,0.4183297472363789
407,0.4176194440434826
408,0.4169113464223166
409,0.4162054475243321
410,0.4155017405222446
411,0.4148002186099699
412,0.4141008750025563
413,0.4134037029361216
414,0.4127086956677854
415,0.4120158464756046
416,0.4113251486585088
417,0.4106365955362349
418,0.4099501804492633
419,0.4092658967587526
420,0.4085837378464757
421,0.4079036971147557
422,0.407225767986403
423,0.40654994390465
424,0.4058762183330886
425,0.4052045847556084
426,0.4045350366763305
427,0.4038675676195468
428,0.4032021711296581
429,0.4025388407711097
430,0.4018775701283301
431,0.4012183528056688
432,0.4005611824273348
433,0.3999060526373345
434,0.3992529570994104
435,0.3986018894969795
436,0.3979528435330734
437,0.3973058129302751
438,0.396660791430661
439,0.3960177727957385
440,0.3953767508063861
441,0.3947377192627937
442,0.3941006719844021
443,0.3934656028098432
444,0.3928325055968812
445,0.3922013742223525
446,0.3915722025821063
447,0.3909449845909462
448,0.3903197141825704
449,0.3896963853095147
450,0.3890749919430921
451,0.3884555280733358
452,0.3878379877089403
453,0.3872223648772041
454,0.3866086536239715
455,0.385996848013575
456,0.3853869421287778
457,0.3847789300707181
458,0.3841728059588485
459,0.3835685639308834
460,0.3829661981427395
461,0.3823657027684793
462,0.3817670720002571
463,0.3811703000482594
464,0.3805753811406524
465,0.3799823095235235
466,0.3793910794608264
467,0.3788016852343272
468,0.3782141211435462
469,0.3776283815057055
470,0.377044460655672
471,0.3764623529459044
472,0.375882052746397
473,0.3753035544446257
474,0.3747268524454949
475,0.3741519411712813
476,0.3735788150615816
477,0.3730074685732583
478,0.3724378961803859
479,0.3718700923741971
480,0.3713040516630302
481,0.3707397685722763
482,0.370177237644325
483,0.3696164534385125
484,0.3690574105310691
485,0.3685001035150667
486,0.367944527000366
487,0.3673906756135648
488,0.3668385439979458
489,0.366288126813425
490,0.3657394187365001
491,0.3651924144601989
492,0.3646471086940274
493,0.3641034961639198
494,0.3635615716121869
495,0.3630213297974645
496,0.3624827654946642
497,0.3619458734949217
498,0.361410648605547
499,0.3608770856499739
500,0.3603451794677101
501,0.359814924914287
502,0.3592863168612103
503,0.3587593501959105
504,0.3582340198216923
505,0.3577103206576875
506,0.3571882476388039
507,0.3566677957156765
508,0.3561489598546204
509,0.3556317350375795
510,0.3551161162620805
511,0.3546020985411822
512,0.3540896769034295
513,0.3535788463928038
514,0.3530696020686752
515,0.3525619390057551
516,0.3520558522940493
517,0.3515513370388086
518,0.3510483883604826
519,0.3505470013946736
520,0.3500471712920871
521,0.3495488932184871
522,0.3490521623546481
523,0.3485569738963085
524,0.348063323054125
525,0.3475712050536259
526,0.3470806151351638
527,0.3465915485538716
528,0.3461040005796151
529,0.3456179664969478
530,0.3451334416050651
531,0.3446504212177586
532,0.3441689006633718
533,0.3436888752847541
534,0.3432103404392154
535,0.3427332914984818
536,0.3422577238486513
537,0.3417836328901478
538,0.3413110140376778
539,0.3408398627201856
540,0.3403701743808093
541,0.3399019444768364
542,0.3394351684796601
543,0.338969841874735
544,0.3385059601615346
545,0.3380435188535069
546,0.3375825134780306
547,0.337122939576373
548,0.3366647927036459
549,0.3362080684287633
550,0.3357527623343975
551,0.3352988700169384
552,0.3348463870864484
553,0.3343953091666215
554,0.333945631894741
555,0.3334973509216365
556,0.3330504619116425
557,0.3326049605425559
558,0.3321608425055954
559,0.3317181035053576
560,0.331276739259778
561,0.3308367455000876
562,0.330398117970773
563,0.3299608524295342
564,0.3295249446472445
565,0.3290903904079087
566,0.3286571855086229
567,0.3282253257595333
568,0.327794806983797
569,0.32736562501754
570,0.3269377757098175
571,0.326511254922574
572,0.3260860585306035
573,0.3256621824215086
574,0.325239622495662
575,0.3248183746661656
576,0.3243984348588121
577,0.3239797990120448
578,0.3235624630769183
579,0.3231464230170606
580,0.322731674808632
581,0.3223182144402876
582,0.3219060379131388
583,0.3214951412407132
584,0.3210855204489173
585,0.3206771715759975
586,0.3202700906725015
587,0.3198642738012414
588,0.3194597170372538
589,0.3190564164677633
590,0.318654368192144
591,0.3182535683218817
592,0.3178540129805366
593,0.3174556983037058
594,0.3170586204389856
595,0.3166627755459345
596,0.3162681597960361
597,0.3158747693726622
598,0.3154826004710347
599,0.3150916492981913
600,0.3147019120729457
601,0.3143133850258539
602,0.3139260643991756
603,0.313539946446839
604,0.3131550274344044
605,0.3127713036390277
606,0.3123887713494249
607,0.3120074268658359
608,0.3116272664999886
609,0.3112482865750636
610,0.310870483425658
611,0.3104938533977513
612,0.3101183928486683
613,0.3097440981470451
614,0.3093709656727934
615,0.3089989918170658
616,0.3086281729822208
617,0.3082585055817884
618,0.3078899860404337
619,0.307522610793925
620,0.3071563762890974
621,0.3067912789838191
622,0.3064273153469565
623,0.3060644818583411
624,0.305702775008735
625,0.3053421912997968
626,0.3049827272440473
627,0.3046243793648372
628,0.3042671441963117
629,0.3039110182833785
630,0.3035559981816736
631,0.3032020804575281
632,0.3028492616879351
633,0.3024975384605163
634,0.3021469073734893
635,0.3017973650356349
636,0.3014489080662637
637,0.3011015330951838
638,0.3007552367626682
639,0.3004100157194224
640,0.3000658666265513
641,0.2997227861555278
642,0.2993807709881603
643,0.2990398178165607
644,0.2986999233431119
645,0.2983610842804362
646,0.2980232973513641
647,0.2976865592889019
648,0.2973508668361998
649,0.2970162167465216
650,0.296682605783212
651,0.2963500307196661
652,0.2960184883392983
653,0.2956879754355104
654,0.2953584888116613
655,0.2950300252810354
656,0.2947025816668131
657,0.2943761548020379
658,0.2940507415295887
659,0.2937263387021461
660,0.2934029431821643
661,0.2930805518418395
662,0.2927591615630807
663,0.2924387692374782
664,0.2921193717662749
665,0.2918009660603353
666,0.2914835490401161
667,0.2911671176356362
668,0.2908516687864474
669,0.2905371994416045
670,0.2902237065596355
671,0.2899111871085131
672,0.2895996380656243
673,0.2892890564177418
674,0.2889794391609944
675,0.2886707833008393
676,0.2883630858520307
677,0.2880563438385933
678,0.2877505542937922
679,0.2874457142601047
680,0.2871418207891912
681,0.2868388709418674
682,0.2865368617880752
683,0.2862357904068552
684,0.2859356538863171
685,0.2856364493236129
686,0.2853381738249083
687,0.2850408245053541
688,0.2847443984890599
689,0.2844488929090643
690,0.2841543049073087
691,0.2838606316346087
692,0.2835678702506274
693,0.2832760179238469
694,0.2829850718315421
695,0.2826950291597524
696,0.2824058871032549
697,0.2821176428655371
698,0.2818302936587705
699,0.2815438367037828
700,0.2812582692300311
701,0.2809735884755756
702,0.2806897916870527
703,0.2804068761196482
704,0.280124839037071
705,0.2798436777115264
706,0.2795633894236896
707,0.2792839714626799
708,0.2790054211260339
709,0.2787277357196802
710,0.2784509125579122
711,0.2781749489633629
712,0.2778998422669791
713,0.2776255898079949
714,0.2773521889339068
715,0.2770796370004472
716,0.2768079313715597
717,0.2765370694193726
718,0.2762670485241747
719,0.2759978660743885
720,0.2757295194665467
721,0.2754620061052652
722,0.2751953234032193
723,0.2749294687811181
724,0.2746644396676798
725,0.2744002334996067
726,0.2741368477215602
727,0.2738742797861368
728,0.2736125271538425
729,0.2733515872930689
730,0.2730914576800685
731,0.2728321357989303
732,0.2725736191415558
733,0.2723159052076339
734,0.2720589915046176
735,0.2718028755476994
736,0.2715475548597875
737,0.2712930269714819
738,0.2710392894210498
739,0.2707863397544031
740,0.2705341755250733
741,0.2702827942941888
742,0.2700321936304508
743,0.2697823711101102
744,0.2695333243169439
745,0.269285050842231
746,0.2690375482847303
747,0.2687908142506568
748,0.2685448463536583
749,0.2682996422147926
750,0.2680551994625043
751,0.2678115157326019
752,0.2675685886682353
753,0.2673264159198723
754,0.2670849951452764
755,0.266844324009484
756,0.266604400184782
757,0.2663652213506849
758,0.2661267851939124
759,0.2658890894083679
760,0.2656521316951145
761,0.2654159097623547
762,0.2651804213254065
763,0.264945664106683
764,0.2647116358356683
765,0.2644783342488978
766,0.2642457570899345
767,0.2640139021093482
768,0.2637827670646934
769,0.2635523497204876
770,0.2633226478481899
771,0.263093659226179
772,0.2628653816397321
773,0.2626378128810035
774,0.2624109507490027
775,0.262184793049574
776,0.2619593375953748
777,0.2617345822058539
778,0.2615105247072315
779,0.2612871629324774
780,0.2610644947212905
781,0.2608425179200771
782,0.2606212303819314
783,0.2604006299666135
784,0.2601807145405294
785,0.25996148197671
786,0.2597429301547908
787,0.2595250569609912
788,0.2593078602880942
789,0.2590913380354257
790,0.2588754881088349
791,0.2586603084206731
792,0.2584457968897744
793,0.2582319514414348
794,0.2580187700073926
795,0.2578062505258086
796,0.2575943909412452
797,0.2573831892046478
798,0.257172643273324
799,0.256962751110924
800,0.2567535106874219
801,0.2565449199790943
802,0.2563369769685022
803,0.256129679644471
804,0.2559230260020708
805,0.2557170140425975
806,0.2555116417735531
807,0.2553069072086263
808,0.2551028083676737
809,0.2548993432767006
810,0.2546965099678415
811,0.2544943064793418
812,0.2542927308555376
813,0.2540917811468385
814,0.2538914554097071
815,0.253691751706641
816,0.2534926681061545
817,0.2532942026827584
818,0.2530963535169434
819,0.2528991186951599
820,0.2527024963098001
821,0.2525064844591797
822,0.2523110812475193
823,0.2521162847849263
824,0.251922093187376
825,0.2517285045766941
826,0.2515355170805383
827,0.2513431288323799
828,0.2511513379714863
829,0.2509601426429021
830,0.2507695409974326
831,0.2505795311916242
832,0.2503901113877481
833,0.2502012797537815
834,0.2500130344633905
835,0.2498253736959117
836,0.2496382956363354
837,0.2494517984752878
838,0.2492658804090133
839,0.249080539639357
840,0.2488957743737479
841,0.2487115828251804
842,0.2485279632121988
843,0.2483449137588781
844,0.2481624326948079
845,0.2479805182550755
846,0.2477991686802485
847,0.2476183822163572
848,0.2474381571148786
849,0.2472584916327187
850,0.2470793840321966
851,0.2469008325810264
852,0.2467228355523017
853,0.246545391224478
854,0.2463684978813567
855,0.2461921538120677
856,0.2460163573110538
857,0.2458411066780536
858,0.2456664002180852
859,0.2454922362414298
860,0.2453186130636152
861,0.2451455290054001
862,0.2449729823927569
863,0.2448009715568567
864,0.2446294948340519
865,0.244458550565861
866,0.2442881370989522
867,0.2441182527851275
868,0.2439488959813067
869,0.2437800650495116
870,0.2436117583568502
871,0.2434439742755007
872,0.2432767111826957
873,0.243109967460707
874,0.2429437414968295
875,0.2427780316833656
876,0.2426128364176101
877,0.242448154101834
878,0.2422839831432697
879,0.2421203219540953
880,0.241957168951419
881,0.2417945225572645
882,0.2416323811985549
883,0.241470743307098
884,0.2413096073195713
885,0.241148971677506
886,0.2409888348272732
887,0.2408291952200675
888,0.2406700513118934
889,0.2405114015635492
890,0.2403532444406128
891,0.2401955784134265
892,0.2400384019570827
893,0.2398817135514084
894,0.239725511680951
895,0.2395697948349639
896,0.2394145615073911
897,0.2392598101968532
898,0.239105539406633
899,0.2389517476446604
900,0.2387984334234985
901,0.2386455952603293
902,0.2384932316769387
903,0.2383413411997029
904,0.2381899223595739
905,0.2380389736920649
906,0.237888493737237
907,0.2377384810396842
908,0.2375889341485199
909,0.2374398516173624
910,0.2372912320043216
911,0.2371430738719843
912,0.2369953757874008
913,0.2368481363220707
914,0.2367013540519294
915,0.2365550275573343
916,0.2364091554230505
917,0.2362637362382381
918,0.2361187685964375
919,0.235974251095557
920,0.2358301823378578
921,0.2356865609299417
922,0.2355433854827371
923,0.2354006546114854
924,0.2352583669357282
925,0.2351165210792933
926,0.2349751156702816
927,0.2348341493410542
928,0.2346936207282188
929,0.2345535284726163
930,0.2344138712193083
931,0.2342746476175634
932,0.2341358563208445
933,0.2339974959867956
934,0.2338595652772289
935,0.2337220628581118
936,0.2335849873995541
937,0.2334483375757947
938,0.2333121120651898
939,0.2331763095501989
940,0.2330409287173727
941,0.2329059682573405
942,0.2327714268647973
943,0.232637303238491
944,0.2325035960812103
945,0.2323703040997719
946,0.2322374260050076
947,0.2321049605117527
948,0.2319729063388327
949,0.2318412622090515
950,0.2317100268491789
951,0.231579198989938
952,0.2314487773659932
953,0.2313187607159382
954,0.231189147782283
955,0.2310599373114427
956,0.2309311280537248
957,0.230802718763317
958,0.2306747081982757
959,0.2305470951205135
960,0.2304198782957876
961,0.2302930564936873
962,0.2301666284876227
963,0.2300405930548129
964,0.2299149489762731
965,0.2297896950368044
966,0.2296648300249806
967,0.2295403527331376
968,0.2294162619573609
969,0.2292925564974745
970,0.2291692351570288
971,0.2290462967432897
972,0.2289237400672264
973,0.2288015639435002
974,0.2286797671904532
975,0.2285583486300965
976,0.228437307088099
977,0.2283166413937759
978,0.228196350380078
979,0.2280764328835794
980,0.2279568877444669
981,0.227837713806529
982,0.2277189099171436
983,0.2276004749272685
984,0.2274824076914289
985,0.227364707067707
986,0.2272473719177306
987,0.2271304011066625
988,0.227013793503189
989,0.2268975479795097
990,0.2267816634113257
991,0.2266661386778294
992,0.2265509726616935
993,0.2264361642490601
994,0.2263217123295297
995,0.2262076157961509
996,0.2260938735454098
997,0.2259804844772184
998,0.2258674474949051
999,0.2257547615052036
1000,0.2256424254182418
1001,0.2255304381475325
1002,0.2254187986099615
1003,0.2253075057257782
1004,0.2251965584185845
1005,0.2250859556153251
1006,0.2249756962462761
1007,0.2248657792450354
1008,0.2247562035485123
1009,0.2246469680969171
1010,0.2245380718337509
1011,0.2244295137057951
1012,0.2243212926631017
1013,0.2242134076589829
1014,0.2241058576500009
1015,0.2239986415959578
1016,0.223891758459886
1017,0.2237852072080373
1018,0.2236789868098739
1019,0.2235730962380574
1020,0.22346753446844
1021,0.2233623004800535
1022,0.2232573932551002
1023,0.2231528117789428
1024,0.2230485550400941
1025,0.2229446220302083
1026,0.2228410117440704
1027,0.2227377231795865
1028,0.2226347553377747
1029,0.2225321072227547
1030,0.2224297778417387
1031,0.2223277662050215
1032,0.2222260713259712
1033,0.2221246922210194
1034,0.2220236279096519
1035,0.2219228774143988
1036,0.2218224397608258
1037,0.221722313977524
1038,0.221622499096101
1039,0.2215229941511713
1040,0.2214237981803471
1041,0.2213249102242287
1042,0.2212263293263958
1043,0.2211280545333975
1044,0.221030084894744
1045,0.2209324194628962
1046,0.2208350572932577
1047,0.2207379974441651
1048,0.2206412389768788
1049,0.2205447809555744
1050,0.220448622447333
1051,0.2203527625221329
1052,0.2202572002528396
1053,0.2201619347151982
1054,0.2200669649878232
1055,0.2199722901521902
1056,0.2198779092926272
1057,0.2197838214963053
1058,0.2196900258532297
1059,0.2195965214562318
1060,0.2195033074009593
1061,0.2194103827858687
1062,0.2193177467122154
1063,0.2192253982840453
1064,0.219133336608187
1065,0.2190415607942422
1066,0.2189500699545769
1067,0.2188588632043142
1068,0.218767939661324
1069,0.2186772984462161
1070,0.2185869386823302
1071,0.2184968594957284
1072,0.2184070600151867
1073,0.218317539372186
1074,0.2182282967009044
1075,0.2181393311382082
1076,0.2180506418236438
1077,0.2179622278994295
1078,0.2178740885104472
1079,0.2177862228042341
1080,0.2176986299309741
1081,0.21761130904349
1082,0.2175242592972353
1083,0.2174374798502857
1084,0.2173509698633316
1085,0.2172647284996689
1086,0.2171787549251921
1087,0.2170930483083853
1088,0.217007607820315
1089,0.2169224326346213
1090,0.2168375219275102
1091,0.2167528748777458
1092,0.2166684906666424
1093,0.2165843684780561
1094,0.2165005074983774
1095,0.2164169069165233
1096,0.2163335659239287
1097,0.2162504837145398
1098,0.2161676594848055
1099,0.2160850924336699
1100,0.2160027817625642
1101,0.2159207266753995
1102,0.2158389263785588
1103,0.2157573800808892
1104,0.2156760869936948
1105,0.215595046330728
1106,0.2155142573081836
1107,0.2154337191446892
1108,0.2153534310612993
1109,0.2152733922814868
1110,0.2151936020311359
1111,0.2151140595385346
1112,0.215034764034367
1113,0.2149557147517061
1114,0.2148769109260062
1115,0.2147983517950958
1116,0.21472003659917
1117,0.2146419645807828
1118,0.2145641349848407
1119,0.2144865470585945
1120,0.2144092000516326
1121,0.214332093215873
1122,0.2142552258055575
1123,0.2141785970772425
1124,0.2141022062897938
1125,0.2140260527043779
1126,0.2139501355844558
1127,0.2138744541957752
1128,0.213799007806364
1129,0.2137237956865231
1130,0.2136488171088187
1131,0.2135740713480763
1132,0.2134995576813729
1133,0.21342527538803
1134,0.2133512237496074
1135,0.2132774020498955
1136,0.2132038095749084
1137,0.2131304456128775
1138,0.2130573094542444
1139,0.2129844003916537
1140,0.2129117177199466
1141,0.2128392607361533
1142,0.2127670287394878
1143,0.2126950210313396
1144,0.2126232369152674
1145,0.2125516756969925
1146,0.2124803366843921
1147,0.2124092191874924
1148,0.212338322518462
1149,0.2122676459916056
1150,0.2121971889233568
1151,0.2121269506322718
1152,0.2120569304390227
1153,0.2119871276663911
1154,0.2119175416392615
1155,0.2118481716846145
1156,0.2117790171315205
1157,0.2117100773111336
1158,0.2116413515566841
1159,0.2115728392034735
1160,0.2115045395888665
1161,0.2114364520522857
1162,0.211368575935205
1163,0.2113009105811428
1164,0.2112334553356562
1165,0.2111662095463343
1166,0.2110991725627919
1167,0.2110323437366637
1168,0.210965722421597
1169,0.210899307973247
1170,0.2108330997492687
1171,0.2107670971093124
1172,0.2107012994150162
1173,0.2106357060300009
1174,0.210570316319863
1175,0.210505129652169
1176,0.210440145396449
1177,0.2103753629241912
1178,0.2103107816088348
1179,0.2102464008257652
1180,0.2101822199523067
1181,0.2101182383677176
1182,0.2100544554531832
1183,0.2099908705918107
1184,0.2099274831686225
1185,0.2098642925705508
1186,0.2098012981864315
1187,0.2097384994069977
1188,0.2096758956248749
1189,0.2096134862345747
1190,0.2095512706324881
1191,0.209489248216881
1192,0.2094274183878876
1193,0.2093657805475043
1194,0.2093043340995853
1195,0.209243078449835
1196,0.2091820130058036
1197,0.2091211371768808
1198,0.2090604503742903
1199,0.2089999520110839
1200,0.2089396415021362
1201,0.2088795182641382
1202,0.2088195817155926
1203,0.2087598312768075
1204,0.2087002663698911
1205,0.2086408864187459
1206,0.2085816908490632
1207,0.2085226790883179
1208,0.2084638505657627
1209,0.2084052047124217
1210,0.2083467409610867
1211,0.2082884587463104
1212,0.2082303575044012
1213,0.2081724366734178
1214,0.208114695693164
1215,0.208057134005183
1216,0.2079997510527516
1217,0.2079425462808764
1218,0.2078855191362861
1219,0.207828669067428
1220,0.207771995524462
1221,0.2077154979592551
1222,0.2076591758253768
1223,0.2076030285780926
1224,0.2075470556743602
1225,0.2074912565728228
1226,0.2074356307338051
1227,0.2073801776193075
1228,0.2073248966930006
1229,0.2072697874202209
1230,0.2072148492679644
1231,0.2071600817048829
1232,0.2071054842012774
1233,0.2070510562290943
1234,0.2069967972619192
1235,0.2069427067749725
1236,0.206888784245104
1237,0.2068350291507878
1238,0.2067814409721179
1239,0.2067280191908023
1240,0.2066747632901582
1241,0.2066216727551075
1242,0.2065687470721711
1243,0.2065159857294649
1244,0.2064633882166937
1245,0.2064109540251471
1246,0.2063586826476942
1247,0.2063065735787789
1248,0.2062546263144147
1249,0.2062028403521801
1250,0.2061512151912141
1251,0.2060997503322103
1252,0.2060484452774131
1253,0.2059972995306122
1254,0.2059463125971384
1255,0.2058954839838584
1256,0.2058448131991701
1257,0.2057942997529977
1258,0.2057439431567874
1259,0.2056937429235024
1260,0.2056436985676181
1261,0.2055938096051176
1262,0.2055440755534868
1263,0.2054944959317098
1264,0.2054450702602646
1265,0.2053957980611181
1266,0.2053466788577214
1267,0.2052977121750053
1268,0.2052488975393758
1269,0.2052002344787097
1270,0.2051517225223496
1271,0.2051033612010993
1272,0.2050551500472199
1273,0.2050070885944247
1274,0.204959176377875
1275,0.2049114129341752
1276,0.2048637978013692
1277,0.2048163305189343
1278,0.2047690106277787
1279,0.204721837670236
1280,0.2046748111900603
1281,0.2046279307324231
1282,0.2045811958439079
1283,0.204534606072506
1284,0.2044881609676123
1285,0.2044418600800212
1286,0.2043957029619214
1287,0.2043496891668924
1288,0.2043038182499001
1289,0.2042580897672918
1290,0.2042125032767926
1291,0.2041670583375012
1292,0.2041217545098849
1293,0.204076591355776
1294,0.2040315684383675
1295,0.2039866853222083
1296,0.2039419415732001
1297,0.2038973367585918
1298,0.2038528704469765
1299,0.2038085422082868
1300,0.2037643516137906
1301,0.2037202982360871
1302,0.2036763816491026
1303,0.2036326014280866
1304,0.2035889571496073
1305,0.2035454483915477
1306,0.2035020747331015
1307,0.2034588357547693
1308,0.2034157310383539
1309,0.203372760166957
1310,0.2033299227249748
1311,0.2032872182980938
1312,0.203244646473287
1313,0.2032022068388099
1314,0.2031598989841966
1315,0.2031177225002561
1316,0.203075676979067
1317,0.2030337620139756
1318,0.2029919771995903
1319,0.2029503221317784
1320,0.202908796407662
1321,0.2028673996256148
1322,0.2028261313852566
1323,0.202784991287451
1324,0.2027439789343011
1325,0.2027030939291452
1326,0.2026623358765532
1327,0.2026217043823233
1328,0.2025811990534772
1329,0.2025408194982574
1330,0.2025005653261224
1331,0.2024604361477437
1332,0.2024204315750013
1333,0.2023805512209808
1334,0.2023407946999689
1335,0.2023011616274502
1336,0.2022616516201032
1337,0.2022222642957963
1338,0.2021829992735854
1339,0.2021438561737082
1340,0.2021048346175821
1341,0.2020659342278003
1342,0.2020271546281273
1343,0.2019884954434961
1344,0.2019499563000048
1345,0.2019115368249117
1346,0.201873236646633
1347,0.2018350553947386
1348,0.2017969926999486
1349,0.2017590481941299
1350,0.2017212215102922
1351,0.2016835122825853
1352,0.2016459201462941
1353,0.2016084447378369
1354,0.2015710856947604
1355,0.2015338426557371
1356,0.201496715260561
1357,0.2014597031501452
1358,0.2014228059665174
1359,0.2013860233528168
1360,0.2013493549532908
1361,0.2013128004132918
1362,0.2012763593792727
1363,0.2012400314987848
1364,0.2012038164204736
1365,0.2011677137940755
1366,0.2011317232704147
1367,0.2010958445013994
1368,0.2010600771400189
1369,0.2010244208403399
1370,0.2009888752575031
1371,0.2009534400477202
1372,0.2009181148682706
1373,0.2008828993774976
1374,0.2008477932348053
1375,0.2008127961006558
1376,0.2007779076365649
1377,0.2007431275051002
1378,0.2007084553698765
1379,0.2006738908955528
1380,0.2006394337478304
1381,0.200605083593448
1382,0.200570840100179
1383,0.2005367029368287
1384,0.2005026717732305
1385,0.2004687462802434
1386,0.2004349261297481
1387,0.2004012109946443
1388,0.2003676005488473
1389,0.200334094467285
1390,0.2003006924258945
1391,0.2002673941016195
1392,0.2002341991724066
1393,0.2002011073172024
1394,0.2001681182159503
1395,0.2001352315495879
1396,0.2001024470000432
1397,0.2000697642502318
1398,0.2000371829840543
1399,0.2000047028863923
1400,0.1999723236431061
1401,0.1999400449410318
1402,0.1999078664679771
1403,0.1998757879127199
1404,0.1998438089650039
1405,0.1998119293155368
1406,0.1997801486559858
1407,0.1997484666789764
1408,0.199716883078088
1409,0.1996853975478516
1410,0.1996540097837468
1411,0.1996227194821986
1412,0.199591526340575
1413,0.1995604300571834
1414,0.1995294303312676
1415,0.1994985268630062
1416,0.1994677193535081
1417,0.1994370075048106
1418,0.1994063910198759
1419,0.1993758696025889
1420,0.1993454429577537
1421,0.1993151107910912
1422,0.199284872809236
1423,0.1992547287197337
1424,0.1992246782310377
1425,0.199194721052507
1426,0.1991648568944031
1427,0.1991350854678869
1428,0.1991054064850163
1429,0.1990758196587438
1430,0.1990463247029121
1431,0.1990169213322535
1432,0.1989876092623853
1433,0.1989583882098087
1434,0.1989292578919046
1435,0.1989002180269312
1436,0.1988712683340225
1437,0.1988424085331835
1438,0.1988136383452895
1439,0.198784957492082
1440,0.1987563656961669
1441,0.198727862681011
1442,0.1986994481709402
1443,0.198671121891136
1444,0.1986428835676336
1445,0.1986147329273187
1446,0.1985866696979252
1447,0.198558693608032
1448,0.1985308043870614
1449,0.1985030017652754
1450,0.1984752854737739
1451,0.1984476552444914
1452,0.1984201108101952
1453,0.198392651904482
1454,0.1983652782617759
1455,0.1983379896173256
1456,0.1983107857072021
1457,0.1982836662682955
1458,0.1982566310383131
1459,0.198229679755777
1460,0.1982028121600204
1461,0.198176027991187
1462,0.1981493269902262
1463,0.1981227088988926
1464,0.1980961734597425
1465,0.1980697204161314
1466,0.1980433495122117
1467,0.1980170604929307
1468,0.1979908531040272
1469,0.1979647270920293
1470,0.1979386822042534
1471,0.1979127181887986
1472,0.1978868347945478
1473,0.1978610317711628
1474,0.1978353088690832
1475,0.1978096658395231
1476,0.1977841024344693
1477,0.1977586184066788
1478,0.1977332135096761
1479,0.1977078874977512
1480,0.1976826401259572
1481,0.1976574711501073
1482,0.1976323803267735
1483,0.1976073674132833
1484,0.1975824321677176
1485,0.197557574348909
1486,0.1975327937164386
1487,0.1975080900306341
1488,0.1974834630525673
1489,0.197458912544052
1490,0.1974344382676419
1491,0.1974100399866273
1492,0.1973857174650341
1493,0.1973614704676207
1494,0.197337298759876
1495,0.1973132021080169
1496,0.1972891802789867
1497,0.1972652330404518
1498,0.1972413601608004
1499,0.1972175614091398
1500,0.1971938365552939
