#Weibull - Cost J(iterations) convergence
#iterations, J(iterations)
1,0.3406754099868306
2,0.3374361402229956
3,0.3365867582440059
4,0.3357569214420977
5,0.3349297815001797
6,0.3341052107747396
7,0.3332832004407045
8,0.3324637425417425
9,0.3316468291522244
10,0.3308324523711488
11,0.3300206043220633
12,0.3292112771529681
13,0.3284044630362461
14,0.3276001541685886
15,0.3267983427709076
16,0.3259990210882853
17,0.3252021813898687
18,0.324407815968818
19,0.3236159171422215
20,0.3228264772510228
21,0.3220394886599557
22,0.3212549437574453
23,0.320472834955575
24,0.3196931546899698
25,0.3189158954197501
26,0.3181410496274528
27,0.3173686098189516
28,0.3165985685234025
29,0.3158309182931489
30,0.3150656517036575
31,0.3143027613534641
32,0.3135422398640668
33,0.3127840798798905
34,0.3120282740681897
35,0.3112748151190006
36,0.3105236957450473
37,0.3097749086816768
38,0.309028446686811
39,0.3082843025408434
40,0.3075424690465892
41,0.3068029390292182
42,0.3060657053361777
43,0.3053307608371136
44,0.3045980984238193
45,0.3038677110101662
46,0.303139591532019
47,0.3024137329471836
48,0.3016901282353281
49,0.3009687703979293
50,0.3002496524581761
51,0.2995327674609415
52,0.2988181084726847
53,0.2981056685813965
54,0.2973954408965303
55,0.296687418548931
56,0.2959815946907792
57,0.2952779624955212
58,0.2945765151577904
59,0.2938772458933606
60,0.2931801479390636
61,0.2924852145527385
62,0.2917924390131585
63,0.2911018146199604
64,0.2904133346935974
65,0.2897269925752558
66,0.2890427816267976
67,0.2883606952307017
68,0.287680726789994
69,0.287002869728177
70,0.2863271174891883
71,0.2856534635373099
72,0.2849819013571261
73,0.2843124244534481
74,0.2836450263512573
75,0.2829797005956373
76,0.2823164407517169
77,0.2816552404046154
78,0.2809960931593531
79,0.2803389926408203
80,0.2796839324937002
81,0.2790309063824029
82,0.2783799079910256
83,0.2777309310232634
84,0.2770839692023692
85,0.2764390162710844
86,0.2757960659915774
87,0.2751551121453849
88,0.2745161485333648
89,0.2738791689756077
90,0.2732441673114079
91,0.2726111373991774
92,0.2719800731163978
93,0.2713509683595764
94,0.2707238170441618
95,0.2700986131044932
96,0.2694753504937547
97,0.2688540231838957
98,0.2682346251655903
99,0.2676171504481671
100,0.2670015930595636
101,0.266387947046258
102,0.2657762064732121
103,0.2651663654238131
104,0.2645584179998316
105,0.2639523583213408
106,0.2633481805266863
107,0.2627458787724006
108,0.2621454472331649
109,0.2615468801017523
110,0.2609501715889662
111,0.2603553159235829
112,0.2597623073523044
113,0.2591711401396931
114,0.2585818085681199
115,0.2579943069377211
116,0.2574086295663119
117,0.2568247707893649
118,0.2562427249599404
119,0.2556624864486332
120,0.2550840496435121
121,0.2545074089500751
122,0.2539325587911976
123,0.2533594936070613
124,0.2527882078551214
125,0.252218696010038
126,0.2516509525636352
127,0.2510849720248238
128,0.2505207489195861
129,0.2499582777908919
130,0.2493975531986493
131,0.2488385697196729
132,0.2482813219475994
133,0.247725804492872
134,0.2471720119826559
135,0.2466199390608047
136,0.2460695803878007
137,0.2455209306407056
138,0.244973984513114
139,0.2444287367150953
140,0.2438851819731414
141,0.2433433150301253
142,0.2428031306452368
143,0.242264623593944
144,0.2417277886679384
145,0.2411926206750766
146,0.240659114439349
147,0.2401272648008094
148,0.2395970666155361
149,0.2390685147555791
150,0.2385416041089109
151,0.2380163295793853
152,0.2374926860866633
153,0.2369706685661994
154,0.236450271969161
155,0.2359314912624026
156,0.2354143214283986
157,0.2348987574652078
158,0.2343847943864189
159,0.2338724272211073
160,0.2333616510137772
161,0.2328524608243257
162,0.2323448517279914
163,0.2318388188152961
164,0.2313343571920168
165,0.2308314619791156
166,0.2303301283127188
167,0.2298303513440417
168,0.2293321262393647
169,0.2288354481799743
170,0.2283403123621195
171,0.227846713996965
172,0.2273546483105499
173,0.2268641105437292
174,0.2263750959521436
175,0.2258875998061578
176,0.2254016173908298
177,0.2249171440058515
178,0.2244341749655162
179,0.2239527055986636
180,0.223472731248633
181,0.2229942472732353
182,0.2225172490446844
183,0.2220417319495685
184,0.2215676913888029
185,0.2210951227775785
186,0.2206240215453298
187,0.2201543831356738
188,0.2196862030063848
189,0.219219476629337
190,0.2187541994904646
191,0.2182903670897178
192,0.217827974941023
193,0.2173670185722368
194,0.2169074935250969
195,0.2164493953551858
196,0.2159927196318927
197,0.2155374619383625
198,0.2150836178714435
199,0.2146311830416728
200,0.2141801530732078
201,0.2137305236037947
202,0.2132822902847226
203,0.2128354487807914
204,0.2123899947702571
205,0.2119459239447937
206,0.2115032320094569
207,0.211061914682636
208,0.2106219676960156
209,0.2101833867945366
210,0.2097461677363478
211,0.2093103062927748
212,0.2088757982482665
213,0.2084426394003681
214,0.2080108255596722
215,0.2075803525497768
216,0.2071512162072564
217,0.2067234123816
218,0.2062969369351988
219,0.2058717857432801
220,0.205447954693886
221,0.2050254396878254
222,0.2046042366386322
223,0.2041843414725359
224,0.2037657501284098
225,0.2033484585577386
226,0.2029324627245781
227,0.2025177586055182
228,0.2021043421896405
229,0.2016922094784819
230,0.2012813564859927
231,0.2008717792384985
232,0.2004634737746738
233,0.2000564361454833
234,0.1996506624141569
235,0.1992461486561454
236,0.1988428909590974
237,0.1984408854227931
238,0.1980401281591361
239,0.1976406152920993
240,0.1972423429576876
241,0.1968453073039089
242,0.196449504490731
243,0.1960549306900429
244,0.1956615820856199
245,0.1952694548730927
246,0.1948785452598992
247,0.1944888494652578
248,0.1941003637201225
249,0.1937130842671531
250,0.1933270073606768
251,0.1929421292666504
252,0.1925584462626251
253,0.192175954637712
254,0.1917946506925443
255,0.1914145307392426
256,0.1910355911013767
257,0.1906578281139358
258,0.1902812381232851
259,0.1899058174871389
260,0.189531562574517
261,0.1891584697657182
262,0.1887865354522783
263,0.1884157560369354
264,0.1880461279336059
265,0.1876776475673284
266,0.1873103113742583
267,0.1869441158016026
268,0.1865790573076064
269,0.186215132361513
270,0.1858523374435265
271,0.1854906690447837
272,0.1851301236673153
273,0.184770697824012
274,0.1844123880385922
275,0.1840551908455743
276,0.1836991027902292
277,0.1833441204285607
278,0.182990240327265
279,0.1826374590636967
280,0.1822857732258426
281,0.1819351794122837
282,0.1815856742321571
283,0.1812372543051346
284,0.1808899162613818
285,0.1805436567415324
286,0.1801984723966421
287,0.1798543598881789
288,0.1795113158879597
289,0.1791693370781532
290,0.1788284201512195
291,0.1784885618098915
292,0.1781497587671445
293,0.177812007746154
294,0.1774753054802767
295,0.1771396487130036
296,0.1768050341979494
297,0.176471458698799
298,0.1761389189892944
299,0.1758074118531888
300,0.175476934084225
301,0.1751474824861007
302,0.1748190538724439
303,0.1744916450667678
304,0.174165252902455
305,0.1738398742227183
306,0.1735155058805745
307,0.1731921447388119
308,0.1728697876699578
309,0.1725484315562515
310,0.1722280732896178
311,0.1719087097716233
312,0.1715903379134658
313,0.171272954635925
314,0.1709565568693513
315,0.170641141553618
316,0.1703267056381075
317,0.1700132460816672
318,0.1697007598525936
319,0.1693892439285951
320,0.1690786952967648
321,0.1687691109535532
322,0.1684604879047322
323,0.1681528231653769
324,0.1678461137598237
325,0.1675403567216557
326,0.1672355490936661
327,0.1669316879278256
328,0.166628770285263
329,0.1663267932362371
330,0.1660257538600893
331,0.1657256492452467
332,0.1654264764891663
333,0.1651282326983237
334,0.1648309149881737
335,0.1645345204831321
336,0.164239046316546
337,0.1639444896306557
338,0.1636508475765819
339,0.1633581173142893
340,0.1630662960125605
341,0.1627753808489729
342,0.1624853690098626
343,0.1621962576903051
344,0.1619080440940855
345,0.1616207254336717
346,0.161334298930188
347,0.1610487618133849
348,0.160764111321615
349,0.160480344701809
350,0.1601974592094454
351,0.1599154521085203
352,0.1596343206715322
353,0.1593540621794461
354,0.1590746739216675
355,0.1587961531960211
356,0.1585184973087199
357,0.1582417035743447
358,0.1579657693158116
359,0.1576906918643546
360,0.1574164685594872
361,0.1571430967489906
362,0.1568705737888747
363,0.1565988970433668
364,0.1563280638848725
365,0.1560580716939614
366,0.1557889178593291
367,0.1555205997777901
368,0.1552531148542328
369,0.1549864605016077
370,0.154720634140901
371,0.1544556332011018
372,0.1541914551191863
373,0.1539280973400873
374,0.1536655573166689
375,0.1534038325097116
376,0.1531429203878747
377,0.1528828184276762
378,0.1526235241134761
379,0.1523650349374416
380,0.1521073483995257
381,0.1518504620074496
382,0.1515943732766664
383,0.1513390797303502
384,0.1510845788993605
385,0.1508308683222322
386,0.1505779455451295
387,0.1503258081218541
388,0.1500744536137842
389,0.1498238795898836
390,0.1495740836266626
391,0.1493250633081524
392,0.1490768162258871
393,0.1488293399788841
394,0.1485826321736099
395,0.1483366904239693
396,0.148091512351269
397,0.1478470955842091
398,0.1476034377588472
399,0.1473605365185875
400,0.1471183895141393
401,0.1468769944035242
402,0.1466363488520235
403,0.1463964505321694
404,0.1461572971237242
405,0.145918886313655
406,0.1456812157961102
407,0.1454442832723953
408,0.1452080864509563
409,0.1449726230473579
410,0.1447378907842514
411,0.1445038873913648
412,0.1442706106054722
413,0.1440380581703774
414,0.1438062278368895
415,0.1435751173628009
416,0.143344724512867
417,0.1431150470587844
418,0.1428860827791667
419,0.1426578294595261
420,0.1424302848922526
421,0.1422034468765919
422,0.141977313218618
423,0.1417518817312209
424,0.1415271502340851
425,0.1413031165536574
426,0.1410797785231402
427,0.1408571339824606
428,0.140635180778257
429,0.1404139167638487
430,0.1401933397992253
431,0.1399734477510153
432,0.1397542384924829
433,0.1395357099034834
434,0.139317859870463
435,0.1391006862864276
436,0.1388841870509288
437,0.1386683600700367
438,0.1384532032563242
439,0.1382387145288457
440,0.1380248918131189
441,0.1378117330411054
442,0.1375992361511776
443,0.1373873990881233
444,0.1371762198031022
445,0.1369656962536415
446,0.1367558264036059
447,0.1365466082231852
448,0.1363380396888719
449,0.136130118783443
450,0.1359228434959323
451,0.1357162118216316
452,0.1355102217620397
453,0.1353048713248761
454,0.1351001585240422
455,0.1348960813795996
456,0.1346926379177674
457,0.1344898261708896
458,0.134287644177415
459,0.1340860899818956
460,0.1338851616349428
461,0.1336848571932271
462,0.1334851747194502
463,0.1332861122823354
464,0.1330876679565968
465,0.1328898398229262
466,0.1326926259679841
467,0.1324960244843586
468,0.1323000334705697
469,0.1321046510310425
470,0.131909875276079
471,0.1317157043218614
472,0.1315221362904117
473,0.1313291693095869
474,0.1311368015130586
475,0.1309450310402891
476,0.1307538560365222
477,0.1305632746527572
478,0.1303732850457421
479,0.1301838853779375
480,0.1299950738175176
481,0.1298068485383422
482,0.1296192077199431
483,0.1294321495475007
484,0.1292456722118361
485,0.1290597739093869
486,0.1288744528421835
487,0.128689707217851
488,0.1285055352495703
489,0.1283219351560786
490,0.1281389051616348
491,0.1279564434960223
492,0.1277745483945104
493,0.1275932180978578
494,0.1274124508522823
495,0.1272322449094399
496,0.127052598526431
497,0.126873509965751
498,0.1266949774953047
499,0.126516999388365
500,0.1263395739235725
501,0.126162699384911
502,0.1259863740616926
503,0.1258105962485394
504,0.1256353642453717
505,0.1254606763573896
506,0.1252865308950487
507,0.1251129261740636
508,0.1249398605153664
509,0.1247673322451086
510,0.1245953396946367
511,0.1244238812004835
512,0.124252955104342
513,0.1240825597530576
514,0.1239126934986047
515,0.12374335469808
516,0.1235745417136773
517,0.1234062529126809
518,0.1232384866674399
519,0.1230712413553622
520,0.1229045153588893
521,0.1227383070654858
522,0.1225726148676288
523,0.1224074371627808
524,0.1222427723533819
525,0.1220786188468394
526,0.1219149750554937
527,0.1217518393966242
528,0.1215892102924222
529,0.1214270861699778
530,0.1212654654612659
531,0.1211043466031299
532,0.1209437280372678
533,0.1207836082102113
534,0.1206239855733271
535,0.1204648585827779
536,0.1203062256995256
537,0.1201480853893139
538,0.1199904361226499
539,0.1198332763747821
540,0.1196766046257021
541,0.1195204193601212
542,0.1193647190674473
543,0.1192095022417892
544,0.1190547673819252
545,0.1189005129912988
546,0.1187467375779953
547,0.1185934396547389
548,0.1184406177388703
549,0.1182882703523279
550,0.118136396021649
551,0.1179849932779408
552,0.1178340606568685
553,0.1176835966986529
554,0.1175335999480405
555,0.1173840689543008
556,0.1172350022712039
557,0.1170863984570132
558,0.1169382560744704
559,0.1167905736907746
560,0.11664334987758
561,0.1164965832109727
562,0.11635027227146
563,0.1162044156439603
564,0.1160590119177803
565,0.115914059686611
566,0.1157695575485105
567,0.1156255041058885
568,0.1154818979654942
569,0.1153387377384027
570,0.1151960220400057
571,0.1150537494899893
572,0.1149119187123288
573,0.1147705283352694
574,0.1146295769913177
575,0.1144890633172274
576,0.1143489859539829
577,0.1142093435467937
578,0.1140701347450656
579,0.1139313582024084
580,0.1137930125766071
581,0.113655096529619
582,0.1135176087275504
583,0.1133805478406558
584,0.1132439125433112
585,0.1131077015140137
586,0.1129719134353668
587,0.1128365469940559
588,0.1127016008808518
589,0.1125670737905885
590,0.1124329644221539
591,0.1122992714784697
592,0.112165993666495
593,0.112033129697195
594,0.1119006782855464
595,0.1117686381505047
596,0.1116370080150134
597,0.1115057866059763
598,0.1113749726542522
599,0.1112445648946399
600,0.1111145620658675
601,0.1109849629105788
602,0.110855766175319
603,0.1107269706105341
604,0.1105985749705406
605,0.1104705780135251
606,0.1103429785015368
607,0.1102157752004604
608,0.110088966880019
609,0.1099625523137473
610,0.1098365302790027
611,0.109710899556923
612,0.1095856589324418
613,0.1094608071942594
614,0.1093363431348442
615,0.1092122655504059
616,0.1090885732408962
617,0.1089652650099964
618,0.1088423396650955
619,0.1087197960172892
620,0.1085976328813668
621,0.1084758490757945
622,0.1083544434227105
623,0.1082334147479058
624,0.1081127618808203
625,0.1079924836545326
626,0.1078725789057364
627,0.1077530464747419
628,0.1076338852054647
629,0.107515093945401
630,0.1073966715456313
631,0.1072786168608035
632,0.1071609287491209
633,0.1070436060723355
634,0.1069266476957239
635,0.1068100524880986
636,0.1066938193217771
637,0.1065779470725788
638,0.1064624346198165
639,0.106347280846283
640,0.1062324846382374
641,0.1061180448853963
642,0.106003960480928
643,0.1058902303214375
644,0.1057768533069498
645,0.1056638283409138
646,0.1055511543301772
647,0.1054388301849836
648,0.1053268548189629
649,0.1052152271491156
650,0.1051039460958036
651,0.1049930105827459
652,0.1048824195370008
653,0.1047721718889574
654,0.1046622665723261
655,0.1045527025241327
656,0.1044434786846966
657,0.1043345939976316
658,0.1042260474098321
659,0.1041178378714629
660,0.1040099643359444
661,0.1039024257599534
662,0.1037952211033996
663,0.1036883493294267
664,0.1035818094043958
665,0.1034756002978792
666,0.1033697209826478
667,0.1032641704346628
668,0.103158947633063
669,0.1030540515601613
670,0.102949481201426
671,0.102845235545481
672,0.1027413135840835
673,0.1026377143121274
674,0.1025344367276255
675,0.1024314798317007
676,0.1023288426285801
677,0.1022265241255809
678,0.1021245233331024
679,0.1020228392646185
680,0.101921470936665
681,0.1018204173688316
682,0.1017196775837541
683,0.1016192506070994
684,0.1015191354675617
685,0.1014193311968545
686,0.1013198368296931
687,0.1012206514037915
688,0.1011217739598519
689,0.1010232035415577
690,0.1009249391955578
691,0.1008269799714621
692,0.1007293249218347
693,0.1006319731021789
694,0.1005349235709304
695,0.1004381753894508
696,0.1003417276220153
697,0.1002455793358007
698,0.1001497296008878
699,0.1000541774902417
700,0.09995892207970182
701,0.09986396244798176
702,0.09976929767665767
703,0.09967492685015271
704,0.09958084905573403
705,0.09948706338350644
706,0.0993935689263936
707,0.09930036478014251
708,0.09920745004330435
709,0.09911482381723179
710,0.09902248520606451
711,0.09893043331672442
712,0.09883866725890968
713,0.09874718614507969
714,0.09865598909045517
715,0.09856507521299514
716,0.09847444363340736
717,0.09838409347511987
718,0.09829402386429215
719,0.09820423392978857
720,0.09811472280318428
721,0.0980254896187502
722,0.09793653351344209
723,0.09784785362690214
724,0.09775944910143808
725,0.09767131908201851
726,0.09758346271627619
727,0.09749587915448502
728,0.09740856754955504
729,0.09732152705703298
730,0.0972347568350808
731,0.09714825604447773
732,0.09706202384861111
733,0.09697605941346572
734,0.09689036190761048
735,0.0968049305022007
736,0.09671976437096401
737,0.09663486269019564
738,0.09655022463874556
739,0.09646584939801578
740,0.09638173615195166
741,0.09629788408702494
742,0.09621429239224256
743,0.09613096025912383
744,0.09604788688170071
745,0.09596507145650954
746,0.09588251318257685
747,0.09580021126141909
748,0.09571816489703307
749,0.09563637329588705
750,0.09555483566690876
751,0.09547355122149129
752,0.09539251917346771
753,0.09531173873911461
754,0.095231209137143
755,0.09515092958869262
756,0.09507089931731802
757,0.09499111754898537
758,0.09491158351206382
759,0.09483229643731926
760,0.09475325555791068
761,0.09467446010936882
762,0.09459590932960268
763,0.09451760245889136
764,0.09443953873986696
765,0.0943617174175176
766,0.09428413773917461
767,0.09420679895450343
768,0.09412970031550363
769,0.09405284107649828
770,0.09397622049411812
771,0.09389983782731268
772,0.09382369233732227
773,0.09374778328768839
774,0.09367210994423897
775,0.09359667157507566
776,0.09352146745057968
777,0.09344649684339366
778,0.09337175902842031
779,0.09329725328281344
780,0.09322297888597059
781,0.0931489351195289
782,0.09307512126735469
783,0.09300153661553809
784,0.09292818045238475
785,0.09285505206841513
786,0.09278215075634362
787,0.09270947581109226
788,0.09263702652976154
789,0.09256480221164207
790,0.09249280215819629
791,0.09242102567305811
792,0.09234947206202392
793,0.09227814063304211
794,0.09220703069621049
795,0.09213614156377752
796,0.09206547255011435
797,0.0919950229717284
798,0.09192479214725095
799,0.09185477939742472
800,0.09178498404510187
801,0.09171540541524274
802,0.091646042834894
803,0.09157689563320277
804,0.09150796314138991
805,0.09143924469275866
806,0.09137073962268133
807,0.09130244726859157
808,0.09123436696998642
809,0.09116649806840345
810,0.09109883990743407
811,0.09103139183270786
812,0.09096415319187727
813,0.09089712333463028
814,0.09083030161267007
815,0.0907636873797118
816,0.09069727999147982
817,0.09063107880569621
818,0.0905650831820808
819,0.09049929248233868
820,0.09043370607015906
821,0.09036832331120498
822,0.09030314357311064
823,0.09023816622547214
824,0.09017339063984692
825,0.09010881618973918
826,0.09004444225060067
827,0.08998026819982329
828,0.08991629341672693
829,0.0898525172825681
830,0.08978893918051763
831,0.08972555849566274
832,0.08966237461499951
833,0.08959938692743179
834,0.08953659482375499
835,0.08947399769666185
836,0.0894115949407254
837,0.08934938595240161
838,0.0892873701300224
839,0.08922554687378274
840,0.089163915585746
841,0.08910247566982731
842,0.08904122653179374
843,0.08898016757925836
844,0.08891929822167739
845,0.08885861787033238
846,0.08879812593834044
847,0.08873782184063851
848,0.08867770499397723
849,0.08861777481692225
850,0.08855803072984447
851,0.08849847215491286
852,0.08843909851609058
853,0.08837990923913033
854,0.08832090375156686
855,0.08826208148271671
856,0.088203441863661
857,0.08814498432725383
858,0.08808670830810511
859,0.08802861324258733
860,0.08797069856881601
861,0.087912963726656
862,0.08785540815770977
863,0.08779803130531129
864,0.08774083261452992
865,0.08768381153214956
866,0.08762696750667721
867,0.08757029998833239
868,0.08751380842903919
869,0.08745749228242684
870,0.0874013510038156
871,0.08734538405022306
872,0.0872895908803511
873,0.08723397095457915
874,0.08717852373496622
875,0.08712324868523943
876,0.08706814527079215
877,0.08701321295867923
878,0.08695845121760369
879,0.08690385951792751
880,0.08684943733165339
881,0.08679518413242068
882,0.08674109939550573
883,0.08668718259781502
884,0.08663343321787723
885,0.08657985073584154
886,0.08652643463347152
887,0.08647318439413976
888,0.08642009950282188
889,0.08636717944609412
890,0.08631442371212759
891,0.0862618317906793
892,0.08620940317309268
893,0.08615713735229391
894,0.08610503382277777
895,0.08605309208061329
896,0.0860013116234308
897,0.08594969195042224
898,0.085898232562336
899,0.08584693296146804
900,0.08579579265166069
901,0.08574481113830035
902,0.08569398792830113
903,0.08564332253011782
904,0.08559281445372384
905,0.08554246321061723
906,0.0854922683138155
907,0.08544222927784358
908,0.08539234561873719
909,0.08534261685403167
910,0.08529304250276326
911,0.08524362208546218
912,0.08519435512414482
913,0.08514524114231262
914,0.08509627966494754
915,0.08504747021850613
916,0.08499881233091489
917,0.08495030553156777
918,0.08490194935131649
919,0.08485374332247242
920,0.08480568697879944
921,0.08475777985550779
922,0.0847100214892493
923,0.08466241141811974
924,0.08461494918164482
925,0.08456763432077935
926,0.08452046637790775
927,0.08447344489683271
928,0.08442656942277359
929,0.08437983950236115
930,0.08433325468363578
931,0.08428681451603841
932,0.08424051855041487
933,0.08419436633899809
934,0.08414835743541707
935,0.084102491394684
936,0.08405676777319374
937,0.08401118612871844
938,0.08396574602040306
939,0.0839204470087615
940,0.08387528865567485
941,0.08383027052437894
942,0.0837853921794729
943,0.08374065318690037
944,0.08369605311396054
945,0.08365159152928922
946,0.083607268002866
947,0.08356308210600362
948,0.08351903341134849
949,0.08347512149286995
950,0.08343134592586321
951,0.08338770628694296
952,0.08334420215403546
953,0.08330083310638131
954,0.08325759872452296
955,0.08321449859030952
956,0.08317153228688437
957,0.08312869939869139
958,0.08308599951145895
959,0.08304343221220502
960,0.0830009970892286
961,0.08295869373210721
962,0.08291652173169332
963,0.08287448068010878
964,0.08283257017074211
965,0.08279078979824908
966,0.08274913915853395
967,0.08270761784876572
968,0.08266622546736051
969,0.08262496161397755
970,0.08258382588952697
971,0.08254281789615282
972,0.08250193723723295
973,0.08246118351738271
974,0.08242055634244135
975,0.08238005531947112
976,0.08233968005675694
977,0.08229943016379912
978,0.08225930525130987
979,0.08221930493121098
980,0.08217942881662973
981,0.08213967652189265
982,0.08210004766252542
983,0.08206054185524836
984,0.08202115871797012
985,0.08198189786978499
986,0.08194275893097384
987,0.08190374152299382
988,0.08186484526847589
989,0.0818260697912277
990,0.08178741471621945
991,0.08174887966959068
992,0.08171046427863921
993,0.08167216817182027
994,0.0816339909787433
995,0.08159593233016829
996,0.08155799185800018
997,0.08152016919528808
998,0.08148246397622134
999,0.08144487583612194
1000,0.08140740441144799
1001,0.08137004933978467
1002,0.08133281025984426
1003,0.08129568681145603
1004,0.08125867863557436
1005,0.08122178537426163
1006,0.08118500667069814
1007,0.08114834216916766
1008,0.08111179151505872
1009,0.08107535435486657
1010,0.0810390303361761
1011,0.0810028191076702
1012,0.08096672031912225
1013,0.08093073362139699
1014,0.08089485866643537
1015,0.08085909510726741
1016,0.08082344259799236
1017,0.08078790079379174
1018,0.08075246935091181
1019,0.08071714792666843
1020,0.08068193617944011
1021,0.08064683376866981
1022,0.08061184035485261
1023,0.0805769555995433
1024,0.08054217916534415
1025,0.08050751071590416
1026,0.08047294991592113
1027,0.08043849643112863
1028,0.08040414992830273
1029,0.08036991007525245
1030,0.08033577654081717
1031,0.0803017489948662
1032,0.08026782710829289
1033,0.08023401055301248
1034,0.08020029900196025
1035,0.08016669212908539
1036,0.0801331896093524
1037,0.08009979111872997
1038,0.08006649633419889
1039,0.08003330493373785
1040,0.08000021659632749
1041,0.07996723100194679
1042,0.07993434783156715
1043,0.07990156676714842
1044,0.07986888749164363
1045,0.07983630968898278
1046,0.07980383304408331
1047,0.07977145724283755
1048,0.07973918197211634
1049,0.07970700691976083
1050,0.07967493177457996
1051,0.07964295622635328
1052,0.0796110799658175
1053,0.07957930268467588
1054,0.07954762407558559
1055,0.07951604383215809
1056,0.07948456164895901
1057,0.07945317722149575
1058,0.07942189024623125
1059,0.07939070042056026
1060,0.07935960744282651
1061,0.07932861101230389
1062,0.07929771082920339
1063,0.07926690659466483
1064,0.07923619801075787
1065,0.07920558478047562
1066,0.07917506660773577
1067,0.07914464319737292
1068,0.07911431425513943
1069,0.07908407948770078
1070,0.07905393860263456
1071,0.0790238913084232
1072,0.0789939373144585
1073,0.07896407633103214
1074,0.0789343080693357
1075,0.07890463224145829
1076,0.07887504856038138
1077,0.07884555673998077
1078,0.07881615649501592
1079,0.07878684754113689
1080,0.07875762959487288
1081,0.07872850237363706
1082,0.07869946559571471
1083,0.0786705189802732
1084,0.07864166224734472
1085,0.07861289511783551
1086,0.07858421731351486
1087,0.07855562855701985
1088,0.07852712857184738
1089,0.07849871708235116
1090,0.07847039381374203
1091,0.07844215849208505
1092,0.07841401084429431
1093,0.07838595059813253
1094,0.07835797748220738
1095,0.07833009122597052
1096,0.0783022915597133
1097,0.07827457821456253
1098,0.07824695092248302
1099,0.07821940941626852
1100,0.0781919534295458
1101,0.07816458269676453
1102,0.07813729695320515
1103,0.07811009593496497
1104,0.07808297937896162
1105,0.07805594702292952
1106,0.07802899860542263
1107,0.07800213386579601
1108,0.07797535254422622
1109,0.07794865438168726
1110,0.07792203911996098
1111,0.07789550650163354
1112,0.07786905627008456
1113,0.07784268816949663
1114,0.07781640194484182
1115,0.07779019734188633
1116,0.07776407410718711
1117,0.07773803198808511
1118,0.07771207073270733
1119,0.07768619008996294
1120,0.07766038980954151
1121,0.07763466964190713
1122,0.07760902933830233
1123,0.07758346865073974
1124,0.07755798733200217
1125,0.0775325851356397
1126,0.07750726181596947
1127,0.07748201712807126
1128,0.07745685082778218
1129,0.07743176267170188
1130,0.07740675241718291
1131,0.07738181982233236
1132,0.07735696464600772
1133,0.0773321866478156
1134,0.07730748558811092
1135,0.07728286122798941
1136,0.07725831332928969
1137,0.07723384165459141
1138,0.07720944596721004
1139,0.07718512603119684
1140,0.07716088161133468
1141,0.07713671247313825
1142,0.07711261838284812
1143,0.07708859910743263
1144,0.07706465441458384
1145,0.07704078407271314
1146,0.07701698785095425
1147,0.076993265519154
1148,0.07696961684787625
1149,0.07694604160839663
1150,0.0769225395727019
1151,0.07689911051348484
1152,0.07687575420414604
1153,0.07685247041878933
1154,0.07682925893221812
1155,0.07680611951993867
1156,0.07678305195814969
1157,0.0767600560237483
1158,0.07673713149432312
1159,0.07671427814815543
1160,0.07669149576420972
1161,0.07666878412214512
1162,0.07664614300229483
1163,0.0766235721856828
1164,0.07660107145400788
1165,0.07657864058964946
1166,0.07655627937566178
1167,0.07653398759577099
1168,0.07651176503437851
1169,0.07648961147655095
1170,0.07646752670802534
1171,0.07644551051520403
1172,0.07642356268515001
1173,0.0764016830055913
1174,0.07637987126491043
1175,0.07635812725215251
1176,0.07633645075701057
1177,0.07631484156983803
1178,0.07629329948163495
1179,0.07627182428405149
1180,0.07625041576938475
1181,0.07622907373057822
1182,0.07620779796121364
1183,0.07618658825551994
1184,0.0761654444083598
1185,0.07614436621523635
1186,0.07612335347228602
1187,0.07610240597627763
1188,0.0760815235246142
1189,0.07606070591532384
1190,0.0760399529470641
1191,0.07601926441911835
1192,0.0759986401313904
1193,0.07597807988440843
1194,0.07595758347931716
1195,0.07593715071788215
1196,0.07591678140248094
1197,0.07589647533610755
1198,0.07587623232236716
1199,0.07585605216547391
1200,0.07583593467024879
1201,0.07581587964212144
1202,0.07579588688712326
1203,0.07577595621189046
1204,0.07575608742365755
1205,0.07573628033025935
1206,0.07571653474012641
1207,0.07569685046228275
1208,0.0756772273063466
1209,0.07565766508252982
1210,0.07563816360162923
1211,0.07561872267503357
1212,0.0755993421147115
1213,0.07558002173322063
1214,0.07556076134369966
1215,0.07554156075986623
1216,0.07552241979601645
1217,0.07550333826702293
1218,0.07548431598833577
1219,0.07546535277597524
1220,0.07544644844653209
1221,0.07542760281716933
1222,0.07540881570561728
1223,0.07539008693017106
1224,0.07537141630969003
1225,0.07535280366359584
1226,0.07533424881187419
1227,0.07531575157506495
1228,0.07529731177426682
1229,0.07527892923113547
1230,0.07526060376787863
1231,0.07524233520725719
1232,0.07522412337258262
1233,0.07520596808771479
1234,0.07518786917705864
1235,0.07516982646556677
1236,0.0751518397787342
1237,0.07513390894259786
1238,0.07511603378373459
1239,0.07509821412926206
1240,0.07508044980683147
1241,0.07506274064463161
1242,0.07504508647138108
1243,0.07502748711633545
1244,0.07500994240927639
1245,0.07499245218051767
1246,0.07497501626089616
1247,0.07495763448177749
1248,0.07494030667504742
1249,0.07492303267311694
1250,0.07490581230891667
1251,0.07488864541589293
1252,0.07487153182801404
1253,0.07485447137976034
1254,0.07483746390612793
1255,0.07482050924262398
1256,0.07480360722526744
1257,0.07478675769058599
1258,0.07476996047561439
1259,0.07475321541789512
1260,0.0747365223554739
1261,0.07471988112689865
1262,0.07470329157122001
1263,0.07468675352798665
1264,0.07467026683724858
1265,0.07465383133954873
1266,0.07463744687592855
1267,0.07462111328792012
1268,0.07460483041754946
1269,0.07458859810733266
1270,0.07457241620027445
1271,0.07455628453986703
1272,0.07454020297008884
1273,0.07452417133540404
1274,0.0745081894807571
1275,0.07449225725157708
1276,0.07447637449376857
1277,0.07446054105372003
1278,0.07444475677829372
1279,0.07442902151482614
1280,0.07441333511113096
1281,0.07439769741549428
1282,0.07438210827666968
1283,0.07436656754388389
1284,0.07435107506683174
1285,0.07433563069567138
1286,0.07432023428102971
1287,0.07430488567399671
1288,0.07428958472612489
1289,0.0742743312894253
1290,0.07425912521637267
1291,0.07424396635989429
1292,0.07422885457338141
1293,0.07421378971067431
1294,0.07419877162606824
1295,0.07418380017431263
1296,0.07416887521060851
1297,0.07415399659060501
1298,0.07413916417039713
1299,0.07412437780653332
1300,0.07410963735599978
1301,0.07409494267623257
1302,0.07408029362510637
1303,0.07406569006094192
1304,0.07405113184249511
1305,0.07403661882896244
1306,0.07402215087997754
1307,0.07400772785561137
1308,0.07399334961636442
1309,0.0739790160231784
1310,0.07396472693741936
1311,0.0739504822208872
1312,0.07393628173581002
1313,0.07392212534484506
1314,0.07390801291107525
1315,0.07389394429800802
1316,0.0738799193695748
1317,0.07386593799013028
1318,0.07385200002445008
1319,0.07383810533772919
1320,0.07382425379558157
1321,0.07381044526403953
1322,0.0737966796095471
1323,0.07378295669897039
1324,0.07376927639958204
1325,0.07375563857907053
1326,0.07374204310553281
1327,0.07372848984747926
1328,0.0737149786738229
1329,0.07370150945388937
1330,0.07368808205740701
1331,0.07367469635450774
1332,0.07366135221573107
1333,0.07364804951201294
1334,0.07363478811469587
1335,0.07362156789551508
1336,0.07360838872661088
1337,0.07359525048051509
1338,0.07358215303015969
1339,0.07356909624886879
1340,0.07355608001036014
1341,0.0735431041887445
1342,0.07353016865852163
1343,0.07351727329458212
1344,0.07350441797220637
1345,0.07349160256706117
1346,0.07347882695519632
1347,0.07346609101305202
1348,0.07345339461744768
1349,0.07344073764558712
1350,0.0734281199750558
1351,0.07341554148381792
1352,0.07340300205021803
1353,0.07339050155297726
1354,0.07337803987119465
1355,0.0733656168843414
1356,0.07335323247226824
1357,0.07334088651519477
1358,0.07332857889371315
1359,0.07331630948878799
1360,0.07330407818175372
1361,0.07329188485430976
1362,0.07327972938852545
1363,0.07326761166683908
1364,0.07325553157204766
1365,0.0732434889873172
1366,0.07323148379617225
1367,0.07321951588250579
1368,0.07320758513056203
1369,0.07319569142495451
1370,0.0731838346506455
1371,0.07317201469296221
1372,0.07316023143758435
1373,0.07314848477054696
1374,0.07313677457823886
1375,0.07312510074740207
1376,0.07311346316512948
1377,0.07310186171886678
1378,0.07309029629640529
1379,0.07307876678588872
1380,0.07306727307580657
1381,0.07305581505499328
1382,0.07304439261263071
1383,0.07303300563824323
1384,0.07302165402169808
1385,0.07301033765320628
1386,0.07299905642331853
1387,0.0729878102229248
1388,0.07297659894325473
1389,0.0729654224758762
1390,0.07295428071269219
1391,0.07294317354594385
1392,0.07293210086820384
1393,0.07292106257238042
1394,0.07291005855171143
1395,0.07289908869977374
1396,0.07288815291046419
1397,0.07287725107801818
1398,0.07286638309699552
1399,0.07285554886228196
1400,0.0728447482690933
1401,0.07283398121296689
1402,0.07282324758976566
1403,0.07281254729568015
1404,0.07280188022721751
1405,0.07279124628120841
1406,0.07278064535480436
1407,0.07277007734547414
1408,0.07275954215100935
1409,0.07274903966951385
1410,0.07273856979941211
1411,0.07272813243943954
1412,0.07271772748865032
1413,0.0727073548464089
1414,0.07269701441239575
1415,0.07268670608659918
1416,0.07267642976932102
1417,0.0726661853611678
1418,0.07265597276306239
1419,0.07264579187622705
1420,0.07263564260219753
1421,0.07262552484281053
1422,0.07261543850021132
1423,0.07260538347684617
1424,0.07259535967546621
1425,0.0725853669991211
1426,0.07257540535116844
1427,0.07256547463525739
1428,0.07255557475534305
1429,0.07254570561567493
1430,0.07253586712080046
1431,0.07252605917556586
1432,0.07251628168511065
1433,0.07250653455486877
1434,0.07249681769056847
1435,0.0724871309982297
1436,0.07247747438416662
1437,0.07246784775498201
1438,0.07245825101756868
1439,0.07244868407911165
1440,0.07243914684707949
1441,0.07242963922923074
1442,0.07242016113361174
1443,0.07241071246855126
1444,0.07240129314266368
1445,0.07239190306484763
1446,0.07238254214428581
1447,0.07237321029044004
1448,0.072363907413056
1449,0.07235463342215862
1450,0.07234538822805117
1451,0.07233617174131665
1452,0.07232698387281521
1453,0.07231782453368577
1454,0.07230869363533841
1455,0.07229959108946318
1456,0.0722905168080228
1457,0.07228147070325271
1458,0.07227245268766021
1459,0.07226346267402603
1460,0.07225450057540007
1461,0.07224556630510409
1462,0.07223665977672826
1463,0.07222778090413079
1464,0.0722189296014342
1465,0.07221010578303511
1466,0.07220130936358926
1467,0.07219254025802062
1468,0.07218379838151544
1469,0.07217508364952743
1470,0.07216639597776556
1471,0.07215773528220761
1472,0.07214910147908946
1473,0.07214049448490539
1474,0.07213191421641159
1475,0.07212336059062179
1476,0.07211483352480784
1477,0.07210633293649688
1478,0.07209785874347296
1479,0.07208941086377706
1480,0.07208098921570383
1481,0.07207259371779975
1482,0.07206422428886608
1483,0.07205588084795456
1484,0.0720475633143712
1485,0.07203927160766987
1486,0.07203100564765598
1487,0.07202276535438139
1488,0.07201455064814999
1489,0.07200636144951236
1490,0.0719981976792603
1491,0.07199005925843767
1492,0.07198194610833253
1493,0.07197385815047573
1494,0.07196579530664299
1495,0.07195775749885137
1496,0.07194974464936214
1497,0.07194175668067729
1498,0.07193379351553644
1499,0.07192585507692502
1500,0.07191794128806366
